P(Topic 1),P(Topic 2),P(Topic 3),P(Topic 4),P(Topic 5),P(Topic 6),P(Topic 7),P(Topic 8),P(Topic 9),P(Topic 10)
0.6258505228840033,0.023319046420327134,0.023323174239665283,0.18758000295396834,0.023321286064790503,0.023319046649104946,0.023319242113221627,0.023329585995716263,0.023319046141763566,0.023319046537438853
0.02523233185390011,0.025231453974497144,0.025237755556451965,0.02523062654849023,0.7729055551865417,0.025230575945909408,0.025230575023168247,0.025238977873560064,0.025230575729021116,0.025231572308459967
0.025744243267339022,0.025733481616438125,0.7683299181163811,0.02574316586032774,0.025742269546775564,0.025733481760017718,0.02573795554919768,0.02576845422914522,0.025733481443866148,0.0257335486105118
0.018912427193972327,0.018911864910033934,0.8297915777004149,0.01891213320588277,0.01891235500949689,0.01891188170387271,0.018911955688324354,0.018911938930481733,0.01891188706176852,0.01891197859575173
0.8666464651629785,0.014814690493203683,0.014825019417997048,0.014814591068731064,0.01482490790790091,0.014814583201409173,0.014814594288658452,0.014814992026118766,0.014814588806052825,0.014815567626949721
0.8924357271891944,0.01195665801939707,0.011951819596488418,0.011951382224139894,0.011950688767915588,0.011950670445268187,0.011950697208693782,0.011951020811066138,0.0119506689521169,0.011950666785719544
0.01960668272809512,0.019605145263512983,0.8235503458050633,0.01960564962002226,0.01960502228818546,0.019605229727596884,0.01960502109008302,0.019606435465050805,0.019605241583527996,0.019605226428862386
0.8214170912907959,0.019837791377860542,0.019840434964942578,0.01983779046046689,0.019837791225833696,0.019837791551521423,0.01983793994590544,0.01987778654781965,0.019837791169621068,0.019837791465232877
0.8324155939712443,0.018617881410939105,0.018624285874512602,0.018617880389430807,0.018617929226869896,0.01861788339848179,0.018633088245797035,0.018619642435707892,0.018617933527516943,0.018617881519499606
0.1,0.1,0.1,0.1,0.1,0.1,0.1,0.1,0.1,0.1
0.0188819325797798,0.01889946892880416,0.8300532696128421,0.018880598063486347,0.018879921703051944,0.018880177017697876,0.018879919935800113,0.01888017609280232,0.018880825345631284,0.018883710720104044
0.02273818178768834,0.022725140475325246,0.02272617281819461,0.022725252556289613,0.022727203194382532,0.02272514055339417,0.022726236565097244,0.7954562119234421,0.022725319612975997,0.02272514051321023
0.8818854318105817,0.01312316243618095,0.013129479628457808,0.013123099232510317,0.013123102105199898,0.01312309246880809,0.013123101773570746,0.013123339813733578,0.013123095656629044,0.013123095074327925
0.02114745033129789,0.021142137328468213,0.021143186605902153,0.021142108183895742,0.021146291616726095,0.02114202497359691,0.02114312213753143,0.8097093623555868,0.021142291532944182,0.021142024934050475
0.7859258227971323,0.02378547606133535,0.023786850859892763,0.023785505304376845,0.023785616175538638,0.023785476146513312,0.023786075835526003,0.023788106271103466,0.023785594443763332,0.02378547610481812
0.4313074332275463,0.01899407278959196,0.018998442692578114,0.018994071780932133,0.018994354341758987,0.018994887246003542,0.018999783815747493,0.019041283303066606,0.4166815954858409,0.018994075316934034
0.13440641374543705,0.014613122153761138,0.3885781504222879,0.014624799800462673,0.37471320449579265,0.014612792083414329,0.014612405125000874,0.014613882925975097,0.014612887855613536,0.014612341392254855
0.021622447461739358,0.021624585231686498,0.8053911134434917,0.02162445459006081,0.021622869781758106,0.021624786882398838,0.02162221869641452,0.02162235267666207,0.021622858298402835,0.021622312937385188
0.010701674166310352,0.010669294545578288,0.9039350911640875,0.01066863680730438,0.010668730939731797,0.010668557768848336,0.01068089488581741,0.010669914609152346,0.0106685919171723,0.010668613195997332
0.028294881218904933,0.028294646047847788,0.028294724916654527,0.7453462580345733,0.028294646025591383,0.028294646072851995,0.028294658520463083,0.028296247085095334,0.02829464601739108,0.02829464606062648
0.028310617447605824,0.028310380409487426,0.0283109492655442,0.7452030103263217,0.028310380374975127,0.02831038044821102,0.028310392893280734,0.028311771360909434,0.028310380362319598,0.028311737111344937
0.8007879013568896,0.02213418259437784,0.022137494104377764,0.02213419597750194,0.02213418251019517,0.0221341826899232,0.022134276261506703,0.02213517463826853,0.02213422722440014,0.02213418264255905
0.765174774536714,0.009907356245722719,0.00992482671745313,0.009907382249056261,0.009907352466723916,0.00991021335201235,0.009911231599436182,0.15554201152272867,0.009907393416990864,0.009907457893161864
0.020177794210146302,0.020154391417212994,0.020161117064047964,0.02015439272082359,0.02015439130826769,0.020154433177823353,0.818576044746845,0.020157889234869067,0.020154422942932657,0.020155123177031165
0.02806541287698947,0.028065378662294367,0.028065381474845868,0.028065378627624493,0.028065378656450674,0.028065378668653464,0.7474115551428806,0.02806537857039914,0.028065378654359718,0.02806537866550229
0.33199126082912445,0.013904078559943077,0.013919098062942442,0.01391224949393433,0.013911294301005244,0.013904069366929905,0.5567040610590314,0.013912563082554757,0.013913978540321295,0.013927346704213044
0.8293946387790452,0.01895403740296773,0.018954451299967676,0.018954041980722963,0.018954037161009817,0.01895403767411705,0.018971187252369452,0.018955449421625664,0.01895408148662521,0.018954037541549233
0.020646726235690815,0.02064472720784888,0.020645039992278874,0.020645157710886253,0.020644861422026938,0.020644727242142228,0.8141937195278552,0.020645586269648356,0.020644727166346476,0.020644727225275897
0.027765175713772284,0.027764906854637995,0.02776490662096716,0.027764917259299523,0.027764906659768357,0.0277649066634865,0.7501155602728885,0.027764906633531372,0.027764906659123893,0.027764906662524427
0.021584492873187824,0.02152889139938575,0.021539341116832433,0.021530215193013895,0.021536994172126806,0.02152885378925913,0.0215311925120039,0.8061619694859586,0.0215291969604833,0.021528852497748267
0.026932004290187044,0.026930349809573574,0.026931514224613134,0.026930349800913855,0.026930436726018754,0.02693034981108508,0.7576222827504955,0.026931866979393742,0.026930495797415483,0.026930349810303893
0.4872654196455442,0.025280345284151292,0.025281355904498235,0.02529169811488111,0.3104562104339683,0.02528062678818229,0.02528053477240669,0.02530311861156712,0.0252803450713754,0.025280345373425488
0.024231921380584925,0.024223109359740636,0.02422720410089492,0.024222210330909395,0.024222875756655066,0.024222038405308094,0.02422289963626406,0.7819835135548499,0.024222189113898424,0.024222038360894732
0.3377503283504644,0.474614395823978,0.023452012104101375,0.02346073171182913,0.023449641386060958,0.023448076311577578,0.023448365367913265,0.02348023487976541,0.02344813783120848,0.023448076233101228
0.02659153439289709,0.026591206603582777,0.026591427153552318,0.02659126972597333,0.026591206599440028,0.02659120660821917,0.7606782844590495,0.02659145125339719,0.026591206597936567,0.026591206605952097
0.022665926809993475,0.6520438013175351,0.022668509350796905,0.022664968374837162,0.022664968902772274,0.02266496912625937,0.1666319508574284,0.022664967327381103,0.022664968864448916,0.022664969068547317
0.02816647043279645,0.028166353702549055,0.028166353662673917,0.028166353692159724,0.02816635370081892,0.028166353704484552,0.7465026338006021,0.02816641990018393,0.028166353700193332,0.028166353703537962
0.3198768744600973,0.01547758685537651,0.5562979212333315,0.0154798986066956,0.01547778813829481,0.015477393553050854,0.015477621301984398,0.0154797344453469,0.015477408189375578,0.015477773216446451
0.027871583371767886,0.027866447320923585,0.027866447054573862,0.027866456560872388,0.027866447145045232,0.027866447153729382,0.7491968300142303,0.027866447083770833,0.02786644714360145,0.02786644715148513
0.8314700979682669,0.018723779982205323,0.01872511156041904,0.018724750834128473,0.018723779907729467,0.01872378297597668,0.018734382764405564,0.018726724207832442,0.018723809774225497,0.01872378002481069
0.019631962953095695,0.019630941164391465,0.019630994512772018,0.019630941044642188,0.019630941144435872,0.019630941186676746,0.8233198678458077,0.019630990542587486,0.019630941137207255,0.01963147846838343
0.43364143380439046,0.015172712627950858,0.015174281859038968,0.015173081837241077,0.015172695289884214,0.015172677043733533,0.015173205544271578,0.4449743087469017,0.015172926749811915,0.015172676496775651
0.026897240595434607,0.02689714078813993,0.026897427108712412,0.02689714077768339,0.02689714078639867,0.026897140790088047,0.7579251130155666,0.026897374563072344,0.02689714078576858,0.026897140789135323
0.020038210099844682,0.020038292500765817,0.8196552640582714,0.020038095079231964,0.020038151058488562,0.020038124265499887,0.020038079267982567,0.020039461624031103,0.020038079740637708,0.02003824230524627
0.5358665221911906,0.017082468352015438,0.017098592479217602,0.01708515255913476,0.0170825994684642,0.01708246939233847,0.017088004017689354,0.3274491688656682,0.017082554129954495,0.017082468544326983
0.1,0.1,0.1,0.1,0.1,0.1,0.1,0.1,0.1,0.1
0.02701397488011522,0.02701043499775175,0.02701134913664827,0.027010434982658666,0.0270104349952627,0.02701043500056562,0.7569005695837194,0.027011144106144278,0.027010787317945314,0.027010434999188784
0.02722050940209318,0.027220187058804222,0.027220404476992956,0.027220187014193327,0.027220187051376746,0.027220187067117336,0.7550175840098072,0.027220379807882826,0.02722018704867951,0.027220187063052577
0.8168124061657224,0.01437934448395092,0.06813889469107672,0.014379178164261932,0.014378560957989258,0.014384671967924879,0.014378853794977666,0.014387319080825767,0.014380442634671248,0.014380328058599338
0.03436380875885141,0.03436272669792358,0.03436560921979493,0.6907312065152212,0.034362662385758296,0.034362711027589386,0.03436266220615181,0.03436296930933112,0.034362981462701996,0.034362662416676314
0.024512094996254386,0.024512322827587366,0.7793881848239471,0.024513181281290666,0.024512081105889042,0.02451212620950151,0.024512081018295623,0.02451367452402213,0.024512172092241758,0.02451208112097026
0.028054179578584502,0.028054902932342616,0.028077405727208675,0.7474876389933136,0.028054180003090467,0.02805420186935127,0.02805417981291799,0.028054807784029342,0.028054323263326082,0.028054180035835315
0.022929806483063326,0.022929207438069924,0.7936346739330469,0.02293014117598074,0.022929191428874073,0.022929203604331646,0.022929190935174617,0.022930100361981936,0.022929270590501555,0.022929214048975417
0.018177639897224186,0.018134641153330248,0.836499505629678,0.01813451833349081,0.018134524966195668,0.018182394896442564,0.018294679472518127,0.01816839061326563,0.018139177988847007,0.018134527049007837
0.01672060740908305,0.01667399067125569,0.26880728197911957,0.01667398762002483,0.01667658748175781,0.5977290833035571,0.016684339571192346,0.016686141017258117,0.016673989978642115,0.01667399096810941
0.021962716088045748,0.0219078712879997,0.13235752269600026,0.021900947648339306,0.02190099804383269,0.021900831558113117,0.021903424100596237,0.6923592529508749,0.021905602379343955,0.021900833246854292
0.1,0.1,0.1,0.1,0.1,0.1,0.1,0.1,0.1,0.1
0.020113416145444325,0.020112811979998525,0.8189822563499942,0.020112869384292652,0.02011356646653951,0.02011291819404672,0.02011274152167394,0.020113729525628014,0.020112944013986146,0.02011274641839573
0.014790638528765186,0.014768031300478721,0.8670662070058113,0.01476823326565838,0.014767484897179996,0.01476814295371451,0.014767811343490698,0.014768443769141246,0.014767577473218468,0.014767429462541445
0.20660721014582764,0.01741918166349359,0.017465155514159933,0.017419265485497843,0.017419159351295333,0.01741916185537529,0.017427091540466916,0.6539770814683344,0.01742708110970524,0.017419611865843784
0.023675983188952268,0.023669592681019973,0.7869952563386767,0.02366548295393389,0.023664848036328658,0.0236649310261921,0.02366484665060646,0.023668897260881464,0.023665189587083444,0.023664972276324903
0.025656216002783633,0.025656751102163734,0.4254116164099884,0.36932958418665945,0.025656216435304576,0.025656293836134943,0.025657209047802772,0.02566179075069287,0.025658105759814375,0.02565621646865514
0.026535677905029226,0.026536224680206052,0.0265489303023723,0.7611651194333249,0.026535598276345204,0.026535617203080168,0.02653559819838563,0.02653591329875453,0.026535722412735926,0.026535598289766135
0.017330235948385973,0.017330318757137867,0.01733265890783808,0.017329153628278464,0.017329711066092334,0.017329197076144238,0.017329293007302845,0.01732918863963735,0.017330152829055534,0.8440300901401273
0.03647061787468484,0.6717016088066005,0.036491284577234884,0.03649708286065657,0.03647350694026487,0.03647133477001957,0.03647061797547344,0.0364779525038247,0.03647532871227904,0.036470664978961634
0.3443124016989424,0.015297771034835409,0.16168513684331326,0.015297884514839058,0.01529781855887221,0.015298071216286515,0.015298773342580984,0.3869166014991584,0.015297769690824145,0.015297771600347563
0.031924414012834475,0.031924481224625406,0.7126656536607293,0.03193648950071229,0.0319244153258073,0.03192446522803044,0.03192441473761781,0.031926508841539164,0.03192474204101372,0.03192441542708998
0.016943859362222,0.016929289233489447,0.8476213145338829,0.016929325069318917,0.016929315516933816,0.016929289596972274,0.01692928594705462,0.016929717505094692,0.01692931061804094,0.01692929261699046
0.1955039847736902,0.5066642708320314,0.1897826289310077,0.01543410593213031,0.015434291801152645,0.01543505522524257,0.015434184684099189,0.015438427711299564,0.01543821785664006,0.015434832252706438
0.02146254106262715,0.021451342126047088,0.021451580567022996,0.0214532199170924,0.02145134205748643,0.021451342082053244,0.8069221572539972,0.02145379080469781,0.021451342053274196,0.021451342075701717
0.026950758038038376,0.026943039547388175,0.757485781219012,0.02695660472322133,0.026943039388456734,0.02694303972531544,0.02694786473448396,0.02694379365486492,0.026943039330933165,0.026943039638285718
0.022845480793677833,0.022845448068006563,0.7943794103560572,0.022849624112447484,0.02284544802221025,0.022845798879139987,0.02284544760416488,0.022849032520422054,0.022847026590688862,0.022847283053184883
0.021366893961311095,0.02136563255940115,0.8077043214711613,0.021365760498358897,0.021367593504771628,0.021365672869840698,0.021365818294975823,0.02136693336630915,0.021365687644606956,0.021365685829263178
0.031758047810491824,0.03175815455164389,0.436734965388042,0.03176074301722962,0.031758049597307034,0.03175812905392275,0.031758048796828246,0.3091972420006216,0.03175857004877262,0.031758049735140396
0.02178012528801968,0.021772375263296548,0.02177825776956708,0.02177237390345828,0.021772375038736795,0.021772432533947315,0.021772372970563426,0.8040241907742752,0.021783121067051717,0.021772375391083898
0.02984901366009884,0.029844673043335244,0.029863747991183947,0.029850812225459645,0.02984420883877589,0.02984437104724434,0.02984420858804687,0.7313681789216467,0.02984653636421281,0.029844249319995783
0.023170743864846754,0.02317063880830655,0.7914626218151497,0.0231711059558699,0.023170621989785322,0.023170730696832474,0.023170621238206495,0.023171588494111103,0.02317070501767251,0.023170622119219195
0.022803059222138367,0.022802671596011303,0.7947675742809915,0.022804864490766467,0.02280265474929709,0.022802667565733844,0.022802654202913414,0.02280361094923983,0.022802738036774357,0.02280750490613366
0.09920823140022914,0.015693980061468275,0.7752142446417145,0.015694146988254744,0.0156942569564056,0.01569398034750706,0.01569511368381596,0.0157179712056654,0.01569407825488397,0.01569399646005518
0.4078799283112079,0.01844728389934165,0.4445374662513925,0.01844740972894802,0.01845020299136518,0.018447284117007516,0.01844805759918693,0.018447731739668044,0.018447283634685036,0.018447351727197404
0.023068982860533705,0.023061175597836624,0.7924377743627974,0.023061557939237236,0.023061161824158804,0.023061195665836205,0.023061161105670677,0.023064598936901038,0.0230612297588459,0.023061161948182585
0.03436246555552739,0.69068472608079,0.03437875248651908,0.03438530427886011,0.03436509579177911,0.03436311835078208,0.03436246563672295,0.034368710064119366,0.034366858984051535,0.0343625027708485
0.025172821923447317,0.025172791802413386,0.025173793124540357,0.025172791782151472,0.025172791799219676,0.025172840119308034,0.025173539950365413,0.7734425605357225,0.025173266563886906,0.025172802398944913
0.020890412242987495,0.020890244434661163,0.8119860499101577,0.020890297823018628,0.020890244412780968,0.020890269254728557,0.020891331183056364,0.020890568058603568,0.020890277216161192,0.020890305463844457
0.021457713730299758,0.021457712150600466,0.8068846541074426,0.021456853596037873,0.02145790845441095,0.021456749527812822,0.021456985495585456,0.021457890272541903,0.021456773241725447,0.021456759423542745
0.026617143956719436,0.026617176610437523,0.7604324466041988,0.026619937849128337,0.02661714450499229,0.0266171688109284,0.026617144259353864,0.0266199423644999,0.026624750492497292,0.026617144547244016
0.02687184217076345,0.026872117593323662,0.7581470156346328,0.026875313976500163,0.026871622089088706,0.026871649765215517,0.0268716217431094,0.026875391626786437,0.026871803252003952,0.026871622148575983
0.028301829923986936,0.028302206452705172,0.745270057359859,0.02830344943784383,0.028301830073994255,0.028301851669644777,0.02830183000672816,0.028310185819545572,0.028304929170237806,0.028301830085454397
0.015464925887525655,0.01546260960628605,0.8608182632515399,0.015463002787369031,0.015462883124821714,0.01546319425098236,0.015463214421603021,0.015476429337238048,0.015462774425222491,0.01546270290741183
0.029196330095163946,0.02917609408986072,0.3695687096161898,0.02917622429816841,0.3969962440037125,0.02917609418068578,0.02917884612707558,0.029179159414864302,0.029176204038000957,0.029176094136277964
0.017724707725051567,0.017694041308681494,0.8406762327257977,0.017736931001005957,0.01769403050119444,0.0176940567723368,0.01769527429411604,0.01769660063968521,0.01769403709072712,0.017694087941403532
0.8845822104401637,0.012823102608130075,0.012846516169568504,0.012820889365257045,0.012820867454276966,0.012820838794516483,0.012822104266920471,0.012821780187557561,0.012820842076806432,0.012820848636802657
0.4953690837556924,0.014724685469718836,0.014723151092445255,0.014725435349613175,0.014719129103797855,0.014719060809949478,0.014757790922719187,0.3868173191696422,0.014719071389668282,0.014725272936753174
0.02365464403724979,0.023654249130649813,0.7871059432401714,0.023654363655832303,0.02365891330932451,0.02365428968619634,0.02365455424057832,0.023654431675135763,0.023654307544806113,0.023654303480055795
0.02013567547880327,0.020136386766092668,0.020138801169149963,0.8187739277561559,0.02013429163082073,0.02013522926954837,0.020135532347103684,0.020140726220907543,0.020135114285339515,0.020134315076078466
0.76321972212133,0.026307194649594762,0.0263077076036028,0.026310434387020562,0.026307194549306884,0.0263071947605614,0.0263073476892161,0.026318782222874693,0.026307227310139965,0.026307194706352687
0.02029796549149414,0.020295750197805634,0.8173301283622461,0.020296713989122115,0.020296756815199442,0.020295747650380187,0.0202957382031301,0.020296988738317336,0.020298471216622406,0.02029573933568264
0.025172821923447317,0.025172791802413386,0.025173793124540357,0.025172791782151472,0.025172791799219676,0.025172840119308034,0.025173539950365413,0.7734425605357225,0.025173266563886906,0.025172802398944913
0.526758744868211,0.017691288677808007,0.3317520325211364,0.017683363147684504,0.01768421587561749,0.017683402312052805,0.017684797129814443,0.017690946376106954,0.01768782913931161,0.01768337995225676
0.02152082067074525,0.02152028587566024,0.8063139062780411,0.02152270180810362,0.02152120231670371,0.021519964024368184,0.021519963566468243,0.021521225890407378,0.021519964592892668,0.02151996497660939
0.024292794404515893,0.024250160100864233,0.02427903086641638,0.024250544476761456,0.024254680782771133,0.024250160140890684,0.024253519949796857,0.024269099726998852,0.781649849429847,0.024250160121137464
0.01944074284161261,0.01944079746788076,0.019449577200761643,0.019446655295180474,0.019440258363296464,0.8250028586813462,0.01944230312887535,0.019454168094276688,0.0194420663059092,0.019440572620860724
0.020684367684274573,0.0207122521526345,0.020704414739129408,0.020689815821920778,0.020682860141029154,0.020683006989457242,0.020682832641764227,0.02070079147801557,0.020683058614529334,0.8137765997372453
0.02975846459743497,0.02975864890149702,0.029760086873453478,0.7321712822606603,0.02975846474428724,0.029758491682572146,0.029758464678485,0.029758879902424464,0.02975864149924893,0.02975857485993646
0.23258780319562997,0.021969697375665873,0.021975764730509918,0.021969729511795606,0.021970101782267357,0.021969697419774566,0.021972324500377997,0.021970970938605373,0.5916442131467345,0.021969697398638834
0.8717272860755255,0.01425025042658251,0.014257956408171353,0.01425251005945426,0.014250235613217163,0.014250222899921986,0.014252227316729668,0.014258866394385934,0.014250222085528062,0.01425022272048356
0.028238328583518324,0.02820913459112099,0.7460669737435002,0.02820926448802875,0.028209134546146823,0.02820916651862465,0.028218399752566403,0.02822121199656804,0.028209251163024814,0.02820913461690109
0.023621012180040358,0.02362102802054813,0.7874092726991502,0.023621637100115906,0.02362106663335656,0.02362104164131884,0.023621005332371416,0.023621814103898367,0.023621116613536833,0.023621005675663394
0.03397898031151754,0.03396901554084688,0.6942623871088314,0.03396901509400519,0.033969015466682316,0.033969498901270545,0.03396976844039779,0.03397428811356693,0.03396901543947719,0.03396901558340426
0.5335404834657634,0.02782959995832473,0.24381676651752432,0.02783028994373008,0.02783070365116948,0.027829600017238623,0.027829599424318983,0.027832038174408096,0.027831265786693267,0.02782965306082896
0.018811103492632954,0.018811103502466106,0.8306979684594193,0.018811635531292805,0.018811095207118583,0.01881110150107482,0.018811095051255083,0.018812482583452025,0.018811136283603373,0.018811278387684798
0.021340835823692422,0.021308016516560186,0.8081760084156491,0.021307984548481748,0.02130729140002531,0.021307291570031778,0.021330409341962918,0.021307577862656704,0.021307292032188584,0.021307292488751333
0.4016214594585027,0.014798672268456978,0.014816742758777658,0.01479867006182155,0.014801523945403069,0.01479867267903854,0.014799447727039701,0.014802785529463193,0.4799633064404551,0.014798719131041665
0.016922591596641952,0.01691564485283219,0.3931796630182546,0.016915048109630487,0.4714661215369465,0.016915008030124995,0.016915033625149956,0.016939326620025747,0.01691655490353145,0.016915007706862138
0.015015413364354668,0.014865850871528254,0.866044486491288,0.01486649057054477,0.01486587393777563,0.014866955905644514,0.014866346824598841,0.014872407528227006,0.014870343376218126,0.014865831129820227
0.029315750122882206,0.02930485624508648,0.029311655567538467,0.02930485616140051,0.02930556962984063,0.029304856259833745,0.029312763502869005,0.02931363322075394,0.7362212030375216,0.02930485625227331
0.020274324701310954,0.02026751051942225,0.8175825989824315,0.02026734508489015,0.020267345766461872,0.020267564460094097,0.020268459912548067,0.02026823029083592,0.020269270081794816,0.020267350200210307
0.031894910444548674,0.03189495899231295,0.03190248398721496,0.7129365967428427,0.031894910794986436,0.03189494725192336,0.031894910637840154,0.031896220422465295,0.03189514990382573,0.03189491082203971
0.024652559113389268,0.024652584012134736,0.778125440989178,0.02465314222129866,0.0246525615836115,0.024652578703104437,0.024652560476975453,0.024653338865579844,0.02465267226061177,0.024652561774116465
0.02200910580205716,0.02200663065345246,0.8019478148573594,0.022005381780809217,0.022005104282436676,0.022005078402859687,0.022005194231476382,0.02200548848998406,0.02200511386796203,0.022005087631602967
0.7888621786624417,0.023457909190699927,0.02346129926712077,0.023457917549886166,0.023458412450712687,0.02345790925662947,0.02345790859417651,0.02346897792437418,0.023459468458734853,0.023458018645223688
0.7354704250332802,0.029391786280344938,0.029392006297006813,0.029391785757567877,0.02939178619328989,0.029393942071794563,0.02939222664751732,0.029392418256645243,0.029391837132444948,0.02939178633010813
0.7377093220197509,0.029142784812378076,0.029144407777862234,0.029142848025499896,0.02914582259246541,0.02914278487488517,0.029142784247024014,0.029143676069552375,0.029142784736240334,0.029142784844341546
0.773165700545725,0.02520314889327725,0.02520387379989357,0.02520315573485897,0.025203427931835398,0.025203148946639466,0.025203148416500027,0.025208097981965,0.025203148829089812,0.025203148920215662
0.7889387470156584,0.023450350910377133,0.023451639251814618,0.02345071425958108,0.02345035081784487,0.023450351014021393,0.023450433379774368,0.02345667033454667,0.023450392053065598,0.023450350963315745
0.7889309602118314,0.023446234916760848,0.023462360406533732,0.023446243051926507,0.023446331097394534,0.023446235027216922,0.023446233917307106,0.023481369627671514,0.023447796770147904,0.02344623497320963
0.03177026040487568,0.031770857863552486,0.03177704987576346,0.03177881441609987,0.03177022982119934,0.031770449219402176,0.0317702297520922,0.7140502081717507,0.0317716706422216,0.031770229833042694
0.02972525075959512,0.029725390345540302,0.029760842857220565,0.732435638657911,0.029725251134424834,0.029726231951731796,0.029725250966444655,0.029725442251763178,0.029725449912023055,0.029725251163345554
0.022946506040943625,0.022926217081620265,0.022940721504629075,0.02292628561832747,0.022926216906857488,0.022926220346269465,0.793622776469199,0.022932187556510945,0.022926236380070877,0.02292663209557175
0.028154060539661605,0.02812380663873255,0.746833297599137,0.028123940003676313,0.028123806605252818,0.028123839385743633,0.028133314838652425,0.028136201459344187,0.028123926271860885,0.028123806657938632
0.02285423081673531,0.02287679291046189,0.7942692254721924,0.02285446881909185,0.022864192987238418,0.022852905918218237,0.022858771775699737,0.022863318475180305,0.02285320066274493,0.022852892162437105
0.1,0.1,0.1,0.1,0.1,0.1,0.1,0.1,0.1,0.1
0.018208154038578474,0.018204925892270827,0.8361505619067088,0.018204924902444106,0.01820609890922898,0.018204926076295,0.018204956939547764,0.018205596587238578,0.01820492876159989,0.01820492598608763
0.8849632495256031,0.012779161091275762,0.012785898468797588,0.012779158382714461,0.012779178538598853,0.01279104104541131,0.01277949233463416,0.01278430778064062,0.012779329313893226,0.012779183518430779
0.017256572138858655,0.017256140408093423,0.8446915896954286,0.01725632374365135,0.017256471653514013,0.017256150225180303,0.017256137250992627,0.01725714583011643,0.01725731975412104,0.017256149300043617
0.028209366904143236,0.028209737987303595,0.7460981698572198,0.028210962970762667,0.028209367066555097,0.02820938835083024,0.028209366993733036,0.028221851463640757,0.028212421326837735,0.02820936707897386
0.8506876064401095,0.016589221635101986,0.01659476228561982,0.016589220933557622,0.016589308345753156,0.016589221765656373,0.016589746427878468,0.016592426568873636,0.016589229870106276,0.016589255727343075
0.017256572138858655,0.017256140408093423,0.8446915896954286,0.01725632374365135,0.017256471653514013,0.017256150225180303,0.017256137250992627,0.01725714583011643,0.01725731975412104,0.017256149300043617
0.8223904855303866,0.019715233975629645,0.01973277138870049,0.019716257289004516,0.019716780776796672,0.019715234139187264,0.0198653133813085,0.019715349674461674,0.01971733978449033,0.019715234060034073
0.18938383992483776,0.03371678111604784,0.033721029466157265,0.0337167810057699,0.03371678109767583,0.033716781136610446,0.5408776632119261,0.0337167808232481,0.033716781091170704,0.03371678112655617
0.02960597372021581,0.029597247181954518,0.7335981726108343,0.02960525081858263,0.029601191380371462,0.029597247226043302,0.029599010365904066,0.029600691591332703,0.029597563605611363,0.0295976514991498
0.018439201249510324,0.018438197155812026,0.834055040927132,0.018438281589638044,0.018438326233618834,0.018438116837662454,0.01843799411347511,0.0184385548868581,0.018438254715058344,0.01843803229123478
0.021026362495035804,0.021025499364591554,0.8107577005544799,0.02102548197324681,0.021025524041617595,0.021025482511154,0.021025481661917002,0.021026277284081393,0.021036707644064217,0.021025482469811646
0.021699211633756346,0.02169708573027784,0.8047160682521516,0.021697152138968796,0.021700302799179092,0.021697085803583108,0.021697574694395816,0.02169810298498001,0.0216971776111418,0.021700238351565544
0.020771171207577526,0.020767921243965256,0.41230560647068065,0.02076908432556325,0.020768139595906204,0.42154422675091,0.020767919937432044,0.02076997388188021,0.0207679780329139,0.020767978553171015
0.023613981263645764,0.023613997051089963,0.7874722774087385,0.023614414921999206,0.023613980203250905,0.02361399298576411,0.023614698761339818,0.023614613508593313,0.023614063638364297,0.023613980257214236
0.021996918119607783,0.021986143602468748,0.8021160268258254,0.021984110107603913,0.02198544501920278,0.021984054542561773,0.02198508711911809,0.021993733726992103,0.021984347881361267,0.021984133055258197
0.02909967816654992,0.029099644103621813,0.02910976242412676,0.029139427169853523,0.02910021526748354,0.029099644126064014,0.02909965164068883,0.029100986998947646,0.7380513459876177,0.02909964411504618
0.03163769761847565,0.03163080848496574,0.03163108926920615,0.03163017304658162,0.03163015471851956,0.03163015478964504,0.031630154410282746,0.715319458185194,0.031630154705925215,0.03163015477120432
0.02462305154501749,0.024617834869806073,0.024634235996582557,0.024617850091880954,0.024618056647121654,0.024617834967369683,0.02461840244879956,0.7784133513337891,0.024618320800108486,0.024621061299524356
0.025248227064441048,0.025237947360161685,0.025241518840703994,0.02523802617347174,0.025237986979256947,0.025237994073813597,0.025237946865230308,0.7728444173970218,0.02523794729338763,0.025237987952511205
0.01906445010795487,0.01906412198663545,0.8284212840024631,0.01906415607744221,0.019064121865896625,0.01906413825416529,0.019064120763982242,0.0190650875784177,0.019064375679226322,0.019064143683816176
0.022628821074208355,0.02262744629496729,0.7963311869255125,0.022627475778661924,0.022627466639839805,0.022628364429043573,0.022627876601237332,0.022645410100805237,0.02262823990569908,0.022627712250024735
0.019230868692085748,0.019228313674983243,0.8269370873476972,0.019231710709860694,0.01922799319536722,0.019227993608572014,0.019227991428894548,0.01923167071521756,0.01922816890309417,0.01922820172422774
0.022115171537144655,0.022113486895078364,0.8009645561295554,0.022123380277600302,0.022113338614794153,0.022113338757643625,0.02211333799756905,0.02211639136296443,0.022113658663804294,0.02211333976384579
0.03442995172181241,0.03443310412618591,0.03443730800798382,0.03444233097491864,0.03442995197264124,0.03443024012498268,0.03442995186021551,0.690105364749477,0.03443184446985662,0.03442995199192613
0.018317614596668304,0.22390838117050682,0.1706887722016329,0.018311647310642956,0.01831181448739903,0.0183097442563873,0.01830943947710754,0.4772233459282035,0.018309700271414087,0.01830954030003766
0.020860061079392932,0.020860879667891415,0.8122551210012486,0.020860710646837647,0.020859977073734205,0.020859998735193726,0.020859976818826374,0.020861112944230695,0.020862176758807326,0.020859985273837173
0.018694111024430388,0.018668667472402346,0.01867795999176836,0.01866866584144523,0.018668667200804057,0.01866866778014716,0.2917760117112538,0.5588372951375014,0.01867128621259564,0.01866866762765184
0.14048337992412047,0.014817589726962963,0.7409698756380894,0.014819318551532923,0.014817753690092072,0.014817589912813048,0.014817945174908337,0.014821172201574697,0.014817603688312801,0.014817771491593404
0.019341905906607847,0.019320264104396138,0.8260928551790817,0.019320601332013087,0.019320279251836964,0.01932066353625162,0.019320520096695392,0.019322356303267146,0.019320298954396346,0.019320255335453805
0.026138905499016405,0.026137501499687795,0.7647595869920314,0.0261381667577887,0.02613767679743423,0.02613749507502088,0.0261374747918408,0.026137869050986064,0.02613760631050805,0.026137717225685704
0.027880808887817802,0.027875387110183933,0.027877825318944817,0.02787538705444009,0.027875387101926028,0.027875387120565302,0.02787703824479302,0.027876905963880504,0.7491104860819655,0.027875387115482975
0.019218491697351684,0.01921770516935744,0.8270378660065443,0.019218228475091158,0.019217697843206625,0.01921772197881075,0.01921769694566454,0.019219000296957937,0.019217733677252304,0.019217857909763304
0.029630787203405912,0.02963135749690657,0.7333039662342833,0.029648577516895508,0.029630787523307944,0.029630829807793316,0.029630787379928285,0.02963105437241526,0.029631064917074956,0.029630787547988847
0.029826547943502164,0.029818658693812297,0.02982630771569317,0.02982363689781539,0.02981846083857351,0.029818610413626937,0.029820918526361692,0.029822065894938726,0.7316063322211646,0.029818460854511553
0.03785176665592768,0.03785192161942581,0.6593243891529026,0.037859698916359354,0.03785176717283158,0.0378518839564194,0.03785176694124871,0.03785250474742288,0.03785253362477931,0.037851767212682595
0.33519027351012953,0.014763849452388164,0.21083888184101157,0.014762820399569034,0.0147632523569845,0.014764121363969578,0.014763052023849322,0.35061110605207635,0.014779422506063167,0.014763220493958626
0.029510401730759805,0.02951040203577813,0.029512628284948907,0.029510401950078105,0.029510402021509483,0.02951047360183659,0.029510765959436202,0.7344037203553884,0.029510402016323958,0.0295104020439405
0.028245220209308048,0.02824539016387469,0.02825608234517267,0.7457784703637451,0.028245220334147118,0.028245703841380327,0.028245220278195805,0.02824690763875612,0.028245961832296444,0.028245822993123573
0.027464587621827304,0.027459587304288505,0.7528334127677576,0.02746904086596881,0.027459769511785057,0.02745958734352102,0.0274599848802952,0.027474556208143604,0.027459840228430347,0.02745963326798257
0.01807990197221644,0.018074751152363476,0.8373114687788742,0.01807532734282547,0.018075197406981203,0.018074853261201142,0.01807546103802966,0.018080636534508056,0.018077713674928834,0.018074688838071635
0.02776068166197912,0.027754426852328255,0.7501993712777678,0.027754548136351108,0.027754616549033013,0.027754426884028724,0.027755254432916623,0.02775731357693438,0.027754885930096427,0.02775447469856449
0.03230910043575314,0.03230926283923238,0.032310285473988724,0.7092162569625707,0.032309101035374994,0.03230913627805945,0.03230910076673849,0.032309323048312875,0.032309332078340164,0.03230910108162889
0.028853762046303206,0.028853892430923428,0.15492171422283482,0.028867225551848657,0.028853763420871016,0.02885437413404048,0.028853762805014,0.6142333384564693,0.028854403404928036,0.02885376352676717
0.029527162761039456,0.029526610072352376,0.029528466634005893,0.7342584987447809,0.029526476296677852,0.029526505403007518,0.02952647626454455,0.029526660182845204,0.02952666733854226,0.029526476302203963
0.021229603849741003,0.8088985001563203,0.021237266494781522,0.02123743522353243,0.02122947784870537,0.021229478085689847,0.021231439035067287,0.021246688179630553,0.02122955477884477,0.02123055634768711
0.020219156987008605,0.02021528144648048,0.3960238560424108,0.020215280729631156,0.02021528132705089,0.4422491993373095,0.02021528023715474,0.020215999674452406,0.02021538270372657,0.020215281514774874
0.026903870882677282,0.026904362121695564,0.7578559939943156,0.026908333820969185,0.026903871665184154,0.02690389906136938,0.02690387131457667,0.026907874431042762,0.026904050982726028,0.02690387172544338
0.7493635622876587,0.027847969589434692,0.027848342405649956,0.02784799574472254,0.027848969002484868,0.027847969615206684,0.02785119199406295,0.027848060199917365,0.027847969558132592,0.02784796960272965
0.019168873785755356,0.019159992335979172,0.019163079623104366,0.01916599928759509,0.01915779297968959,0.019157793069681288,0.8275444684945474,0.019165065867146985,0.019159136436172116,0.019157798120328633
0.014307655309104645,0.01430451223025047,0.8712475292340206,0.014304679623001726,0.014306980888087828,0.01430477627676812,0.014305081181096753,0.014309312129727244,0.014305081520508554,0.014304391607434082
0.02371212964147853,0.023708727056604147,0.023710334591083963,0.02370883028916931,0.0237087861688488,0.02370873184612206,0.7866120888536151,0.023712789053895608,0.023708855437096474,0.023708727062086026
0.02795297326861732,0.027952733158158098,0.7484155445010949,0.0279606587984113,0.027952670088580447,0.027952704469956614,0.027952669969156577,0.027954480005980453,0.027952895631049076,0.027952670108995336
0.024566696491705484,0.024566389724068185,0.7789056049303248,0.024568253048639865,0.024566133319413187,0.02456486696085876,0.024564847986411353,0.02456737545380708,0.024564968767066396,0.024564863317705
0.020358551220065045,0.020358582829321185,0.8167701055851514,0.02035891413229144,0.020358728437978292,0.020358492251230882,0.02035835314265914,0.020359120572759078,0.020358916001598656,0.02036023582694469
0.024853468123093348,0.024841846644385917,0.024848257847135884,0.02484187236473996,0.024841944462825283,0.024841848647245396,0.02484387880598496,0.7764027549585525,0.02484228147779623,0.024841846668240457
0.01849828863177643,0.01849018565436436,0.018492963112280585,0.018495589911039327,0.018488208927248367,0.018488206467898505,0.8335741809259696,0.01849474994429204,0.018489415420852435,0.01848821100427835
0.02104994946678011,0.02103281067370707,0.021035152054356892,0.02103283288113533,0.02103309458983783,0.021032815674756077,0.02103762339043749,0.8106800048054229,0.021032905762686422,0.02103281070087997
0.026736080199992206,0.026736090502052917,0.1679417280114352,0.6181696480945491,0.026735983129863222,0.026736005647944094,0.026735982509628185,0.026736368670780428,0.026736129997083358,0.026735983236671288
0.024591471680888592,0.024591344347791096,0.7786789543122729,0.02459394462935443,0.02459114527286659,0.024589734890573492,0.024590508322272102,0.024593202283098012,0.02458996319923512,0.02458973106164779
0.02572084167769215,0.02571990064669841,0.025720975367811538,0.02572789564109428,0.02571751584115003,0.02571755798594057,0.025728024790907727,0.7685121966596331,0.025717567855998796,0.025717523533073546
0.7784570326577085,0.024614662938366616,0.024617446910527464,0.024614683067447452,0.024614528373127383,0.02461453732235402,0.024616635985086056,0.024621296506174017,0.0246146478060723,0.02461452843313636
0.8740142252312748,0.013993872569988337,0.014007987531151428,0.013998182224015296,0.013993175588150794,0.013992167367782235,0.013992327571817153,0.014021990463285207,0.013992719340113056,0.013993352112421665
0.02791589956438764,0.02791575887201837,0.02791657795592774,0.027917252898264147,0.027915556316319257,0.02791562307298836,0.027916170812988254,0.7487560329791099,0.027915571204477914,0.027915556323518585
0.02814206934605931,0.02814195967218323,0.028141959636012147,0.028142008164666322,0.028141959670614863,0.02814195967393764,0.7467220887561395,0.028142075737259294,0.028141959670048112,0.028141959673079586
0.023473553504297088,0.023451707005384802,0.023526795311372146,0.023452413351167236,0.023452753593469308,0.02345170716025805,0.023451886575600173,0.7888355017793799,0.023451710829130553,0.02345197088994077
0.02285484987015972,0.022854636460596395,0.022854998085562517,0.022854636385700573,0.02285463644811446,0.022854636474535686,0.7942930683857965,0.022854664763657606,0.02286923665816378,0.022854636467712814
