P(Topic 1),P(Topic 2),P(Topic 3),P(Topic 4),P(Topic 5),P(Topic 6),P(Topic 7),P(Topic 8),P(Topic 9),P(Topic 10)
0.693757124714639,0.023452270544783257,0.02345116464540436,0.02345116688958194,0.023451167537496893,0.11862516866514092,0.023451166919894052,0.02345121456529538,0.023458388104941687,0.023451167412822597
0.6568350018698743,0.14054051697484066,0.025327510285472234,0.025327516361626435,0.02532751811657444,0.02532751816087097,0.025330804347706296,0.02532837516938427,0.025327720934580012,0.025327517779070323
0.6589181926085667,0.02576126584514247,0.02575784223894175,0.025757750994783467,0.1350045572837748,0.025757751531761037,0.02575775101983948,0.0257587747735267,0.025768362285885308,0.025757751417778398
0.019056086483650706,0.0190525421631424,0.019052518767607822,0.019052379856528176,0.019052379918166953,0.019052379919727448,0.019052429630061957,0.8285227207088998,0.019054182645905793,0.01905237990630913
0.8664804775404512,0.014835827801911639,0.014835426361131856,0.014835422022238354,0.014835422170964967,0.014835422174711949,0.014835422029185634,0.014835685600957053,0.014835472156089697,0.01483542214235762
0.8915907586041698,0.01204660656626279,0.012045874183627837,0.012045227890032442,0.012045075479865103,0.012045075487603083,0.012045075187438635,0.012046087176560872,0.012045144003570978,0.01204507542086816
0.019792751435572083,0.019786664395081206,0.019782857974423827,0.01978271926079277,0.019782559194951605,0.019782559202582792,0.019782954188185254,0.5310379235898359,0.3106864516220706,0.01978255913650407
0.6090687936257979,0.12707278899458233,0.01989169464160927,0.01989169636564399,0.01989169686383404,0.019891696876397066,0.019891696388928168,0.12461628074974229,0.01989195872543491,0.019891696768030015
0.01895255216583157,0.8294814747831366,0.018944783457839415,0.018944778432632592,0.018944778675916037,0.01894477868206226,0.01894723052863956,0.018946245799279476,0.018948598845568074,0.018944778629094196
0.1,0.1,0.1,0.1,0.1,0.1,0.1,0.1,0.1,0.1
0.1264181293631273,0.019078660180023816,0.019070678037961968,0.019071163678417193,0.125745979559811,0.019070658598434438,0.01908002280190428,0.11906941117786903,0.5143246382114381,0.019070658391012896
0.022967164423189173,0.4626760387669271,0.022958496470584962,0.022958463883393457,0.02295846409166625,0.35364634248216614,0.022958463893105335,0.022958777034915286,0.022959324902440497,0.022958464051611734
0.8805300944058352,0.013274803336519233,0.013274379243122773,0.013274379657458563,0.01327438066781398,0.013274380693305513,0.01327437970463228,0.013274416794383494,0.013274405023429754,0.013274380473499221
0.02128881366226483,0.5483622741338026,0.02127904797919947,0.02127901040632215,0.02127901083281419,0.1555553459312396,0.021279010426222576,0.14711860504760746,0.02127987082973797,0.0212790107507893
0.7863007163096065,0.023752417059804354,0.023743867201652724,0.023743175831413662,0.023742782756204756,0.023742782757970524,0.023742782691630007,0.023743752478356018,0.023744940170183276,0.023742782743178325
0.25064190626283867,0.42488331216317193,0.01914284088515966,0.01914070137472668,0.01914070184259462,0.019140701854406438,0.019140701396543232,0.019141088825985,0.019140982478585707,0.19048706291598802
0.867727469031391,0.01469743837258972,0.014699864439427616,0.014696276753577119,0.01469627719596391,0.014696277207125472,0.014696276774197421,0.014697472165662095,0.014696370949193073,0.014696277110872728
0.021755706044377564,0.02175619878497915,0.021751233262766366,0.021750909076749966,0.021750909223413207,0.021750909227108865,0.021751500008778884,0.8042299176115653,0.02175180756507353,0.02175090919518721
0.7927892768367032,0.010724755071174239,0.010727661097555553,0.010724485931543104,0.0107243939916893,0.010724394030059512,0.010724399236063855,0.12141115211589248,0.010725087990139692,0.010724393699178884
0.02826637909021823,0.7456063959549624,0.02826568949136948,0.028265690015792974,0.028265690167269507,0.02826569017107492,0.028265690022868308,0.02826739537146959,0.028265689576848187,0.02826569013812647
0.028268711710076486,0.6123369519242617,0.028267811484420757,0.02826781286904534,0.16151730945951864,0.02826781327910448,0.028267812887736207,0.028270151483497666,0.02826781171024307,0.02826781319209573
0.37924808538508825,0.4426855122776713,0.02225735939873993,0.022257337812924754,0.02225733823124503,0.022257338241794145,0.02225733783242641,0.022263835994450535,0.022258516674403598,0.02225733815125616
0.6823023957586034,0.23838164723471417,0.009913955474156242,0.009913835419233527,0.009913836145211756,0.009913836163828918,0.00991638004452124,0.009916117269640451,0.009914158226804613,0.00991383826328557
0.0200085302848169,0.8199373886951126,0.020006475148296458,0.02000647528997259,0.020006475326685445,0.020006475327753244,0.020006475288577845,0.020008753936679346,0.020006475171238294,0.020006475530867283
0.028277168624621592,0.7455074824129952,0.02827691856802575,0.028276918647821905,0.028276918670869018,0.028276918671450466,0.02827691864889976,0.028276918507847224,0.028276918581032352,0.028276918666436796
0.3475048671180165,0.26304808910839017,0.014011981592250658,0.29135957166397,0.01401198465393004,0.014011984719541511,0.014011982173851127,0.014013016525726065,0.01401453829074745,0.014011984153576476
0.019046997032251378,0.8286381661672481,0.01903931949241883,0.019039310212913406,0.019039311024083648,0.019039311044565115,0.019039310250217545,0.01903943887848758,0.01903952502985026,0.019039310867964034
0.020677683553023546,0.8139211181741369,0.020675051380071943,0.020674975607075576,0.02067497574389856,0.020674975747346835,0.020674975613470134,0.020675327534860403,0.020675940928534274,0.020674975717581718
0.02785695651883034,0.7492886045433548,0.02785680469949203,0.027856804710384465,0.027856804713446065,0.02785680471352497,0.027856804710464714,0.0278568046913386,0.027856804701255764,0.02785680599790838
0.5671211186529337,0.15317671230211657,0.021716731985767696,0.12768287870800393,0.021716733739082124,0.021716733748990556,0.02171673336452831,0.02171881666891525,0.021716807166140557,0.02171673366352129
0.026867086206100056,0.7581970772916591,0.026866681541039984,0.02686708907590215,0.0268666815493996,0.026866681549446162,0.02686668154761313,0.026867380234447777,0.026867959455352957,0.02686668154903904
0.025398245371561122,0.7714533156392992,0.025393422880581756,0.02539342358299966,0.025393423785846737,0.025393423791118686,0.025393423592458497,0.025394474613778525,0.025393422995525886,0.025393423746829957
0.7812568739987242,0.024306616576655584,0.024304223186129528,0.024304223828270157,0.024304224013664916,0.02430422401834706,0.02430422383688371,0.02430481119171485,0.02430635537159176,0.02430422397801813
0.7879343719518841,0.02356401209356203,0.023562052663159187,0.02356401217366906,0.02356205394832834,0.023562053955608352,0.02356205367377684,0.02356347622923829,0.023563859417823515,0.023562053892950397
0.02658147063549738,0.7607661818215824,0.026581410373107326,0.026581550521667184,0.026581410393566037,0.02658141039368003,0.026581410389194267,0.02658211080001503,0.026581634279005784,0.026581410392684735
0.6632101703657004,0.15362428461244876,0.022895690720092503,0.022895694395376382,0.022895695457241263,0.02289569548364311,0.02289569444497466,0.022895687948638797,0.02289569131916306,0.022895695252721268
0.02811474817501417,0.7469700163701761,0.028114404425462158,0.028114404435213562,0.028114404438030493,0.02811440443810156,0.02811440443534522,0.02811440441811605,0.028114404427051872,0.028114404437488763
0.6811195149587378,0.015733550357948663,0.015721733363126593,0.01572182115384223,0.01572174174595504,0.19309174479382582,0.015722810221346396,0.015722155607456486,0.015723186787191073,0.015721741010569713
0.02794333373434488,0.748514883616695,0.02794272267406573,0.027942722703540555,0.027942722711981862,0.027942722712196253,0.02794272270388125,0.027942722651895294,0.02794272267886322,0.02794272381253582
0.018732147639859812,0.8314744285205139,0.0187242492982729,0.01872415495539714,0.018724075888471164,0.018724075891260752,0.01872407578306555,0.0187243121759508,0.018724403980001594,0.01872407586720622
0.019715510637080578,0.8225615248788117,0.019715428708371098,0.019715379239553223,0.019715357704338975,0.01971535770648021,0.01971535762323205,0.01971536844145246,0.019715357372707586,0.019715357687972213
0.86274384850378,0.01525465949566727,0.015250029052877067,0.015250723338382845,0.015250022880659735,0.015250022914278826,0.015250021610352011,0.015250196871931606,0.015250452707670795,0.015250022624399803
0.0269578761606209,0.7573787116084829,0.02695779874166838,0.026957978798220705,0.026957798760545597,0.026957798760651665,0.026957798756512465,0.02695835306673047,0.026958086586835645,0.02695779875973142
0.020105581177546475,0.020105434357162975,0.02010534573206325,0.020105329140117506,0.02010532914490339,0.020105329145024393,0.8190460056443053,0.020109410702613052,0.02010690581228679,0.02010532914397675
0.14306506469208227,0.5955549522615263,0.017474049404396157,0.13907842066378684,0.01747017858414932,0.017470178604754052,0.01747234289398123,0.01747097426592439,0.017473660202179976,0.01747017842721918
0.1,0.1,0.1,0.1,0.1,0.1,0.1,0.1,0.1,0.1
0.027007177363279403,0.7569378806362881,0.027006783346076174,0.027006741654835114,0.02700674165829479,0.027006741658382193,0.02700674165499647,0.027006942062525883,0.02700750830769255,0.027006741657629396
0.02722949317749869,0.7549421238197832,0.027228450160194467,0.027228588477463987,0.027228450211915802,0.02722845021220802,0.02722845020085503,0.02722887244300597,0.0272286710873889,0.027228450209685947
0.8698152072856754,0.014464298214519805,0.01446369194665522,0.014463617269476706,0.014463527781065577,0.014463527800806425,0.01446427101406428,0.014473222792046833,0.014465108264829997,0.014463527630859736
0.03438203852455322,0.034381583612380216,0.034383639324445034,0.03438127551285501,0.03438127553404855,0.034381275534578565,0.03438135200329011,0.6905649268919003,0.034381357531931986,0.034381275530017144
0.024632096308181136,0.024631698822348183,0.7783112283418866,0.024631698845768213,0.024631698849685957,0.024631698849784143,0.024631711059243583,0.02463424763226144,0.024632222441906108,0.024631698848934673
0.02802117877983431,0.02802113154146429,0.028022058664801067,0.02802113160013529,0.028021131609949967,0.028021131610194348,0.028021166371806933,0.7478087693292894,0.02802116888446375,0.028021131608060485
0.023049799912386246,0.0230488683348968,0.792559713932513,0.02304862005969894,0.02304862011612884,0.02304862011755287,0.02304863042831467,0.02304970134217441,0.02304880565105923,0.023048620105275183
0.8371988803229206,0.01811158125780443,0.01808635423091267,0.018085834501748554,0.0180858365508998,0.018085836602663316,0.018085834597587926,0.018088154366883734,0.018085851411377144,0.01808583615720205
0.674416454153163,0.016993214116018684,0.01700060125927416,0.01699147520655723,0.01699147688192512,0.1896394146334501,0.01699147528492895,0.016992941553534008,0.01699147035142126,0.016991476559727558
0.8035789963060045,0.021830481147990265,0.021824345744402424,0.021823667266238567,0.02182367661369797,0.021823676849573297,0.021823667703277098,0.02182396579204871,0.02182384776069921,0.021823674816067947
0.1,0.1,0.1,0.1,0.1,0.1,0.1,0.1,0.1,0.1
0.24649985774661196,0.020259635244487838,0.020259139847742916,0.020259392017281257,0.020259142651745294,0.02025914266761085,0.020259760648167275,0.34026377663727875,0.2714210100081772,0.02025914253089648
0.6936723836480923,0.0147884819596473,0.01478476413231464,0.014785035367405955,0.014784697546019028,0.1880444688330111,0.014784695080466655,0.01478593188740432,0.014784844497029078,0.01478469704860973
0.6079267331283689,0.017378609051169853,0.017376035321226477,0.01737615299731506,0.017376021692417414,0.01737602171993289,0.01737602064607683,0.01737822873415443,0.2530601531041865,0.01737602360515165
0.024009350863621333,0.02400638008499831,0.29242559101438315,0.024006537982952873,0.02400638214102978,0.3167271536009359,0.024006971528339693,0.2227973951618539,0.024007855537517817,0.024006382084367166
0.025747856755624486,0.02574851714479713,0.025760904851767283,0.025747537287424672,0.025747537308803338,0.02574753730934057,0.025747561787698218,0.7682572029645318,0.02574780728532182,0.025747537304690662
0.026547131593024943,0.02654701737591682,0.02654830489346971,0.02654701740836728,0.02654701741379651,0.026547017413930698,0.02654704737847207,0.7610753795572175,0.026547049553054706,0.026547017412749747
0.17428028957570632,0.01742396075438902,0.01742378370859721,0.017423784220325977,0.017423784368226832,0.01742378437182924,0.01743642410792299,0.01742573114210433,0.686314673411231,0.017423784339667202
0.03667439133839172,0.03667260852032126,0.6699229998315837,0.036676002338235134,0.0366726085922804,0.03667260859253711,0.03667264588681895,0.03669087772633907,0.03667264858313075,0.036672608590361984
0.8625840490283321,0.015269276112965666,0.01526862485443085,0.01526811704604193,0.015268119745847356,0.01526811981396766,0.01526839787718448,0.015268761933480068,0.015268414361099759,0.015268119226650317
0.032127827053593974,0.03212618459223085,0.32155391313637477,0.03212618557545439,0.03212618573996937,0.03212618574411465,0.03212624155176259,0.42143484573983603,0.032126245158336945,0.03212618570832622
0.6615380054220562,0.017111738275849216,0.01711634808074072,0.2015640758655874,0.01711155824533816,0.017111558271841996,0.017111557234950985,0.017111898898953454,0.017111701663358167,0.017111558041323666
0.8619664288425737,0.015338561046580554,0.015340156597967433,0.015336160359493077,0.01533616309478079,0.015336163163770821,0.015336160487388182,0.015336243968896102,0.015337799869556419,0.015336162568992943
0.02152349668526229,0.806291003475064,0.02152312297130551,0.021523197630690584,0.0215231230192039,0.02152312301947464,0.021523123008971166,0.021523444631333644,0.021523242173874642,0.021523123384819678
0.38099360938809335,0.2310824446833007,0.026883218715755084,0.19973567862836492,0.026883227669482097,0.02688322772011087,0.026883225756572884,0.026888920305809486,0.026883219848925735,0.02688322728358486
0.023015101367993087,0.023014978120557066,0.023014996179189135,0.02301497827160261,0.023014978296881802,0.02301497829751207,0.02301508420959096,0.7928631744374305,0.023016752527227423,0.02301497829201546
0.2349263245037524,0.02127220191374042,0.021269776768339164,0.021269777223793515,0.021269777355318965,0.02126977735863154,0.021269908441141006,0.594910938986218,0.021271594917502093,0.021269922531562804
0.031878159697183724,0.19075393757616835,0.4199271633617508,0.031875469253326426,0.031875469449496964,0.03187546945443954,0.031875539644657856,0.16618777793817244,0.03187554421303941,0.031875469411764744
0.8033786614402514,0.02184055605372352,0.021841391890148113,0.021840545550947586,0.021840546045153154,0.021840546057951025,0.021840545574034,0.02184054254931671,0.02189611888836593,0.02184054595010846
0.15619697254632722,0.03003980464910893,0.2345325939042059,0.03003907931434741,0.03003907938095067,0.030039079382616487,0.030039150142152308,0.3989938784904018,0.030041282821065527,0.030039079368823666
0.023275555248316718,0.02327604736182397,0.7905190258292705,0.02327405526601073,0.023274055300223806,0.02327405530108676,0.023278014163404533,0.023276835176630754,0.023278301059591635,0.023274055293640534
0.02282153508761045,0.022820586652912977,0.7946142058927054,0.022820326616343152,0.022820326633618906,0.02282032663405406,0.022820337463694863,0.02282150745504938,0.02282052093371576,0.022820326630295106
0.7170093100058305,0.015857424409876187,0.01585649719404081,0.15613049519344818,0.015856441504261614,0.015856441517242786,0.015856441014076336,0.01586016768606024,0.015860340069796083,0.015856441405367194
0.833130175579166,0.01854353751163904,0.018540354921360223,0.01854012105057095,0.018540121492922182,0.018540121504083372,0.018540121071234636,0.018545140188013273,0.018540185273158274,0.018540121407852106
0.023072367974646547,0.023071259409700694,0.7923577597996617,0.023071110397369792,0.023071110411494507,0.02307111041185449,0.02307111937986003,0.02307191785964107,0.02307113394699377,0.023071110408777427
0.03471445085680868,0.03471341647930691,0.6875659920739527,0.034714972535016535,0.03471341654207812,0.034713416542304414,0.03471345047214112,0.03472401503165526,0.034713452926314496,0.03471341654042173
0.025176471985932352,0.025176825046951797,0.025176465505797826,0.02517786203102441,0.02517621361694718,0.025176213617042285,0.025176383788653906,0.7734109855044531,0.025176365286972265,0.025176213616224817
0.020965231962065563,0.020965234128068593,0.02096436412931965,0.02096455506199485,0.020964364200807332,0.020964364201201277,0.02096459360451092,0.020975392168950842,0.8113075363453647,0.02096436419771631
0.1097986001016946,0.021436829388140313,0.021436398312546463,0.0214365202110337,0.021436398812766416,0.02143639881559477,0.021436501968804447,0.7187003168734393,0.021445636724772947,0.02143639879120693
0.0266525275303129,0.026652511582823887,0.7601257355850456,0.02665251163107588,0.026652511639154663,0.026652511639356617,0.026652532911304806,0.02665407834420063,0.02665256749909802,0.02665251163762706
0.02724014468478299,0.027239693057440447,0.7548338897780769,0.027239543660247233,0.02723954371663985,0.0272395437180605,0.027239567009763845,0.027247986098591546,0.027240544570572726,0.02723954370582392
0.02806326712489764,0.02806305542173073,0.028076754544973832,0.028063055477576683,0.02806305548690423,0.028063055487138056,0.028063077584240485,0.7474183029668043,0.028063320420627653,0.0280630554851063
0.24582519712424455,0.015520418630358652,0.015518559381369994,0.015518644031605125,0.015518560179568321,0.015518560183952226,0.015519861111962102,0.6300217457522953,0.01551989345908682,0.015518560145556977
0.7421292194671638,0.028654639747789083,0.028651825117901094,0.028651825620480395,0.028651825765528882,0.0286518257691904,0.028651825627179585,0.028652067586523916,0.028653119560624826,0.028651825737617962
0.6370076051505726,0.017691236872771098,0.017691126927307094,0.01769194082918734,0.20956711389024207,0.017690864565833693,0.01769086359171318,0.029476254141805467,0.01780212968131536,0.0176908643492519
0.884451238451485,0.012849452059573824,0.012837443062473655,0.01283731565195089,0.012837316740195455,0.01283731676727723,0.012837315702796132,0.012837570571726324,0.012837714461876079,0.012837316530645473
0.8483330701128549,0.03226675574833405,0.014923846310104228,0.014933076256320245,0.014923775739770122,0.014923775766205556,0.014923774730018683,0.014923904150265054,0.014924245650292203,0.014923775535835017
0.22452398645920976,0.024055530784014404,0.024055399248106277,0.024055399988051836,0.024055400201791834,0.024055400207172138,0.024055571406655443,0.5830296199205068,0.024058291623814163,0.024055400160677306
0.020095155401526545,0.020093900815723743,0.020093740223917567,0.8191500480873096,0.02009324589849728,0.020093252158977913,0.02009413906799085,0.020098954250104568,0.02009431819907667,0.02009324589687523
0.7623019298362133,0.026417462621160282,0.0264102496162019,0.0264095337912851,0.02640953401187494,0.02640953401742684,0.026409533801552032,0.026410315828269533,0.026412372506566334,0.026409533969449756
0.17332872846610525,0.020504590947136674,0.6626159885411463,0.020504592536088016,0.020504592802013326,0.020504592808721498,0.020504601315672288,0.020523105022233208,0.02050461481000873,0.02050459275087465
0.025176471985932352,0.025176825046951797,0.025176465505797826,0.02517786203102441,0.02517621361694718,0.025176213617042285,0.025176383788653906,0.7734109855044531,0.025176365286972265,0.025176213616224817
0.8432720310940756,0.01741543099497822,0.017412438023670696,0.017411952680843043,0.017411953850948788,0.017411953880468865,0.017412236536759624,0.017427009497508857,0.017412993444799112,0.01741199999594721
0.02161456492566811,0.02160542569655352,0.0216061210711909,0.02160530317352021,0.02160530323457515,0.021605303236117562,0.021607157438886176,0.8055311779938884,0.021614340006775964,0.02160530322282394
0.024217338726389898,0.024212262610119342,0.024211840745446158,0.02421180816659421,0.02421180818116721,0.024211808181536974,0.024211808167195682,0.0242125007908111,0.7820870162523866,0.024211808178352955
0.01951384895695476,0.019513671329760934,0.019517460384372402,0.019513527792343686,0.019513262640702207,0.019513262640880734,0.8243622160058882,0.019523886657176474,0.019515600952707338,0.019513262639213217
0.5103005542185535,0.02080385857988419,0.02080367049009913,0.020803546317794974,0.020803322670512697,0.020803322693307237,0.020803401906974116,0.32327131684833704,0.0208036837777956,0.020803322496741605
0.029739607413858667,0.029739441645934193,0.029740607691517203,0.029740995541940943,0.029739441716486934,0.02973944171673806,0.029739484353824373,0.7323420507637203,0.02973948744143527,0.029739441714543968
0.27067028527272663,0.02210488762666306,0.02207715736949974,0.022077124845100944,0.02207712496112472,0.0220771249640577,0.022077124850330886,0.02207719690044899,0.5526848482712721,0.02207712493877529
0.6103515120017662,0.014349632147600822,0.014345094764823757,0.014345098238739824,0.014345099234181228,0.014345099259312098,0.014345098279290164,0.014346091252679211,0.27488217489067346,0.014345099930933298
0.4049492779236852,0.028461189177362473,0.02845445108184456,0.36740714435976113,0.028454451862279104,0.028454451868761523,0.028454451695561964,0.028455674006981704,0.028454456195092973,0.02845445182866959
0.023569132492841385,0.0235682450637496,0.7878834845039512,0.023568245108056364,0.02356824511546312,0.023568245115648527,0.023568259793948408,0.023569636846778184,0.023568260845526715,0.023568245114036275
0.0336859854963821,0.03367404906044412,0.03367188576629098,0.033671886383084534,0.03367188656163089,0.0336718865661402,0.03367740402456467,0.033741180861298875,0.6968614010543608,0.033672434225802815
0.7495416435271571,0.027827406425700252,0.027827347712199153,0.027827347921327582,0.027827347981891726,0.02782734798339666,0.027827347924147226,0.027838697186244373,0.027828165367709223,0.027827347970226856
0.01889557530461441,0.018895410389254873,0.8299403153825318,0.01889541046253208,0.018895410474797588,0.018895410475107087,0.01889541574829735,0.01889622519191584,0.01889541609851088,0.018895410472438135
0.44231028863876864,0.02143239807350406,0.021418974177665622,0.021418469748135837,0.021418469876407602,0.021418469879643746,0.021418572395397635,0.38630480124855726,0.021432805742549434,0.02142675021937013
0.8672314229045793,0.01475268428347282,0.014751368782084532,0.014751256480255244,0.014751258088076655,0.01475125812867948,0.014751256556563954,0.014756525647448629,0.014751711344354974,0.014751257784484571
0.6744770519369617,0.017109939845284975,0.017101621826504505,0.01710209817998251,0.017101628853746963,0.017101628893452233,0.01710162735251793,0.017103783755220717,0.01710226064695866,0.18869835870936988
0.8205600304158673,0.015023718295693957,0.05926845824466519,0.015020077766947793,0.015020079283420681,0.015020079321689413,0.015020472747237574,0.01502523285318118,0.01502177207951146,0.015020078991785368
0.029252035034337105,0.029254085549788835,0.02925127089870196,0.029251580682613857,0.029251201499401972,0.029251201499594093,0.029251201492142876,0.029251505915940716,0.7367347159295403,0.029251201497938348
0.6118997169355646,0.02044578860221748,0.020445324604641015,0.02044492478582161,0.020444925232358035,0.020444925243610006,0.020448138439515994,0.020454352285837966,0.020445603462371006,0.22452630040806243
0.032470590336401636,0.03247055385202982,0.03248648206316001,0.03247055554144928,0.03247055582408141,0.032470555831203375,0.03247064611366105,0.4783349157738579,0.26188458889443567,0.03247055576971977
0.024793965062962938,0.02479301868618284,0.7768609804198237,0.024793019115568197,0.024793019187402607,0.024793019189213575,0.024793033262163186,0.024793891818712874,0.02479303408438351,0.02479301917358674
0.8016200894913601,0.022041918587231132,0.02204441634407712,0.022042066076009115,0.022041738488200884,0.022041738499815795,0.02204173804933025,0.022042331537975256,0.022042224526338538,0.022041738399661732
0.7887500894265314,0.023471473088955166,0.023470917727014904,0.02347085330056901,0.023470853374727894,0.023470853376604997,0.023470853303969776,0.023471237353305887,0.023482015687870974,0.023470853360450104
0.3780962259392846,0.386410490582531,0.029436076506094613,0.029436077090214542,0.029436077258535732,0.02943607726279003,0.029436077097788744,0.02943708503758891,0.029439735999043624,0.029436077226128197
0.7361491326992665,0.02932807894697548,0.02931534596268383,0.02931534633263692,0.02931534643941376,0.029315346442132743,0.029315346337570367,0.029315345683815445,0.02931536473663785,0.029315346418867006
0.2253819732442678,0.5721716991070884,0.025305653734991124,0.02530565455758644,0.02530565479489408,0.025305654800895187,0.02530565456847278,0.025305653114799747,0.025306747327789182,0.025305654749215294
0.4246339478164346,0.38731383670625946,0.023506410520161027,0.023506411086736977,0.023506411249983417,0.023506411254111376,0.023506411094065722,0.02350641009304417,0.02350733896067495,0.02350641121852815
0.4723753905633961,0.023564256549427728,0.13714297570664774,0.02356415133231426,0.023564152002522282,0.02356415201943198,0.02356415136353683,0.023567029667852554,0.2255294570358978,0.0235642837589728
0.032084908108525274,0.03207689155930085,0.032122365709993994,0.17617667651114002,0.03207682344628447,0.03207682344693836,0.032078419222544376,0.0321349058567362,0.567095362698944,0.032076823439592464
0.030139493800962713,0.0301394164197565,0.030146471345781085,0.030139416530029068,0.030139416548476242,0.030139416548937273,0.030139463553521373,0.7287380217713484,0.030139466936261818,0.03013941654492548
0.6131055041536189,0.023057038304060515,0.023057419686428757,0.202449389238443,0.02305422488495159,0.02305422489300304,0.023054224580420245,0.0230585477727983,0.02305520166276791,0.023054224823507826
0.38537553242634337,0.028351045467810834,0.02834356101797657,0.3878671686386094,0.028343561264188282,0.028343561265581452,0.028343561211593787,0.028344880994308024,0.028343566459985398,0.028343561253602788
0.7111141072793986,0.02290076279574948,0.022927682309423367,0.10563707163106777,0.02289729257717897,0.022897292579066874,0.022898116865700504,0.022929995979189422,0.02290038542097762,0.02289729256224757
0.1,0.1,0.1,0.1,0.1,0.1,0.1,0.1,0.1,0.1
0.6399309876686634,0.018324811755892925,0.01832951270459714,0.018324442751677668,0.018324443459725444,0.0183244434775707,0.018324442784754116,0.21346737760372553,0.018325094469851592,0.018324443323541526
0.8853162161733481,0.012776475117218864,0.012738256547077708,0.012738696332899825,0.012738199298360077,0.012738199352685995,0.012738646968961308,0.012738397443887968,0.012738713881287419,0.012738198884272706
0.017579568291418303,0.017549402358900245,0.017549295707660003,0.01754908976207632,0.017549089858721428,0.017549089861166926,0.017549138683696817,0.84201545884583,0.017560776790449657,0.017549089840080447
0.027922207157809173,0.027922001390234603,0.02793627496260401,0.02792200147053885,0.027922001483958375,0.027922001484295477,0.027922022958260382,0.7486872286309814,0.027922258979944086,0.027922001481373623
0.8507241026788509,0.01658671664095033,0.01658598203769173,0.016585976549264334,0.016585976915925088,0.016585976925168944,0.016585976566445528,0.016586777063805215,0.01658653777645485,0.01658597684544287
0.017579568291418303,0.017549402358900245,0.017549295707660003,0.01754908976207632,0.017549089858721428,0.017549089861166926,0.017549138683696817,0.84201545884583,0.017560776790449657,0.017549089840080447
0.019967067472367424,0.8204314085980512,0.019950005124151828,0.01995006270756298,0.01995000653616903,0.019950006544134643,0.01995000623447344,0.019951425005232726,0.019950005302568977,0.019950006475287795
0.033893878807615144,0.694971567971444,0.03389177918479085,0.03389177924200372,0.03389177925854436,0.033891779258938964,0.03389177924277068,0.03389209858441983,0.03389177919412799,0.03389177925534436
0.7365535979146264,0.029274829717852675,0.029269628073368234,0.029270628923502743,0.029269628245492427,0.0292696282464656,0.029269628208721435,0.029279247211782596,0.029273555220111783,0.029269628238076047
0.018563357343084192,0.01855801147116601,0.018556855461752633,0.018556744732552914,0.01855665368348426,0.018556653684830834,0.0185568848856121,0.8329810553391526,0.01855712973061647,0.018556653667747974
0.0973018279488442,0.021134429601744584,0.02113440047923178,0.021134313671935682,0.021134313772416213,0.02113431377495383,0.021134313676540135,0.7336181495032318,0.021139623818032555,0.02113431375306926
0.5788318787927704,0.021985590507946604,0.021983714724559303,0.021984084262324382,0.021983717778413632,0.021983717795652155,0.02198391398289616,0.24523424747381997,0.02204541703484104,0.02198371764677643
0.2691718225072297,0.02095506526071467,0.020952862619074798,0.020952864353813955,0.020952864854786233,0.02095286486742648,0.020952911896639934,0.5632028995511897,0.020952979330691374,0.020952864758433182
0.023635360643147692,0.023633899322090725,0.7872928543696887,0.023633899442591536,0.023633899462589834,0.0236338994630971,0.023633909993478402,0.023634467139322306,0.023633910705279034,0.023633899458714646
0.8012752816955152,0.02207974009134823,0.02207624724699275,0.02207678887410579,0.02207624791123767,0.022076247914994403,0.022076247769307857,0.022101790761284063,0.022079366016646725,0.022082041718567372
0.19179969601489968,0.029140329438380172,0.029140341616853974,0.02914024857208899,0.029140248616616814,0.029140248617743492,0.029140248574045628,0.029141599869916872,0.5750767900714259,0.029140248608028572
0.1426371825581529,0.03188259994904089,0.03188028239209316,0.031880283739229805,0.03188028412830134,0.03188028413811736,0.20924593500325722,0.03188160252664387,0.42495126151168483,0.03188028405347853
0.61897838790435,0.024702276093940247,0.024697444485149173,0.02469796850047216,0.024697445188495724,0.024697445192472266,0.024697751051118835,0.18343248525633546,0.02470135116948176,0.02469744515818446
0.4931448142022118,0.025189364416940398,0.025186890423452023,0.02518689064709091,0.025186890711612297,0.025186890713248585,0.02518689065005526,0.025188273597970972,0.30535620393822427,0.025186890699193484
0.019235240216571598,0.01920636730364909,0.019206346281506227,0.01920628790026734,0.01920628813826811,0.019206288144272606,0.01920633766347509,0.827113964364506,0.019206591894986223,0.01920628809249759
0.3823914679780131,0.02277858823077012,0.02277842215586075,0.022776926619617503,0.022776926950747577,0.022776926959107886,0.022790166347358573,0.43537038616870083,0.0227832617027874,0.02277692688703636
0.825824325806911,0.019353398119969854,0.019352680776294803,0.01935344830834972,0.019352560762322824,0.019352560779513025,0.01935256034504286,0.019353074258214073,0.019352830165245485,0.019352560678136323
0.3736128283064565,0.0221329750534719,0.022135241633256447,0.02213279819760771,0.02213279827696397,0.022132798278954972,0.02213288873940513,0.44932039556473596,0.022134477687467142,0.022132798261680568
0.03464655821392804,0.034645852322749054,0.03468930185909588,0.03464585240846467,0.0346458524227685,0.034645852422979205,0.034647470586231105,0.03468912137781115,0.6880921777502352,0.034651960635737264
0.01846412643284561,0.018460289813194846,0.01845984586806656,0.018459911473113853,0.018459848614137037,0.01845984862959141,0.018459988940360973,0.833848903320609,0.018467388412358583,0.0184598484957222
0.020847403287767165,0.020846974224220452,0.0208514401238141,0.02084710185189872,0.020846974307353515,0.020846974307657803,0.020846985033751188,0.8123721374288756,0.020847035129606513,0.02084697430505498
0.01875947203131777,0.575629506330002,0.018757474403471423,0.018756336818757192,0.018756337320704204,0.27431552989560637,0.01875633684215165,0.018756333769775375,0.018756335363905415,0.0187563372243085
0.8659114195926865,0.014911135948218145,0.01489688898962069,0.014896653126361244,0.014896418079604129,0.014896418093622524,0.014896417549883325,0.014899760664613798,0.014898443386487973,0.014896444568901686
0.3113985156815371,0.019522454680155094,0.4757856617742379,0.01952328549088196,0.07615932278706025,0.019521402183343462,0.0195214125926164,0.01952511823448736,0.019521424459574315,0.019521402116105962
0.7627664060491766,0.026357275950605333,0.02637944304657826,0.026351644972673356,0.02635164507605014,0.026351645078564995,0.026352666182567274,0.02637465060910635,0.02636297797861209,0.02635164505606561
0.027939968087713495,0.027940164852393156,0.02793942954808495,0.02793933050680076,0.02793933051635025,0.02793933051659129,0.02793933050724681,0.02793964884199193,0.7485441361083136,0.027939330514513815
0.019181386989842147,0.01918089892202273,0.8273701702171252,0.01918089775311279,0.019180897789984375,0.019180897790914624,0.01918090226673728,0.019182147999414447,0.019180902487954277,0.01918089778289212
0.02978538712192278,0.029783403084699525,0.3429861293435734,0.029783403322805376,0.0297834033627975,0.029783403363686442,0.02978345061971918,0.4187445624665836,0.02978345395919894,0.029783403355013262
0.029903905877245576,0.029904976204166062,0.029902166101778854,0.029900784388046393,0.029900784401452156,0.029900784401786812,0.029900829761884292,0.7308798750465872,0.029905109418078356,0.029900784398974246
0.03787897387122597,0.0378789321643782,0.6590827206843552,0.03787893222500986,0.037878932235151035,0.03787893223539737,0.03787903469136497,0.037885567508820404,0.037879042151105234,0.0378789322331915
0.8668002865594044,0.014801125283834241,0.014799581222536818,0.014799804841716157,0.014799304646396037,0.01479930467903925,0.014799919600794362,0.014801168063562764,0.014800196754498042,0.014799308348217948
0.029732212384846742,0.029732285961739643,0.029732179900962056,0.029732179984155265,0.029732180008179187,0.029732180008785365,0.029732457211188005,0.7324097311612328,0.029732413375351353,0.029732180003559785
0.02824619910924222,0.028246097689084728,0.028260432819723257,0.028246097776573043,0.028246097791208742,0.028246097791574998,0.028246251388962248,0.7457702007563766,0.028246427088861582,0.028246097788392623
0.7513309957623697,0.027631791341644923,0.027629229228150167,0.027629374097663965,0.027629229543952052,0.027629229545733533,0.02762922947646409,0.02763246043800403,0.027629231035685636,0.02762922953033197
0.018144087395980286,0.018144584180561595,0.018136427693891382,0.018136498065388695,0.018136295105989117,0.018136295107239016,0.018136792840307402,0.8367553055769256,0.018137418937223523,0.01813629509649346
0.7485388443428516,0.027941583332586988,0.02793970711848166,0.027939809679504282,0.027939659162457223,0.027939659164258585,0.027939659094450422,0.027940890991286542,0.027940527965385487,0.027939659148737125
0.03287354918626292,0.03287320706861194,0.49164948075815185,0.03287320799306805,0.03287320814772494,0.032873208151621515,0.032873263952795564,0.24536439903663632,0.03287326758714343,0.03287320811798357
0.028924406616210777,0.02892436839950668,0.028929554627699684,0.02892436857711664,0.028924368607093347,0.02892451195942758,0.02892439910816496,0.7396736959096014,0.028925957593852546,0.028924368601326293
0.02954739837516438,0.029547074093269107,0.029548201275494422,0.029546886656982997,0.029546886662421293,0.029546886662555658,0.029546933208817402,0.7340759098084813,0.029546936595443097,0.029546886661370515
0.021118798001783644,0.02111863281781647,0.021119197258147444,0.021118049137750335,0.021117983762478545,0.021117879352984485,0.021117879244772098,0.3964966233102187,0.02111931125829939,0.43455564585574896
0.8168167204826718,0.0203483954468572,0.020366571356396718,0.020348028423195674,0.02034802870951357,0.020348028711868433,0.020356320207091813,0.02036463501652886,0.02035524299531346,0.020348028650562455
0.027001052110703083,0.02700097102197169,0.02702767305806798,0.02700097132973527,0.027000971381222424,0.027000971382518776,0.027000999250812355,0.7569641491219686,0.027001269971676137,0.027000971371323675
0.02827529052474129,0.7455415771611926,0.028272856961779384,0.028272857207677617,0.028272857278738572,0.02827285728048436,0.02827285721099114,0.028273084268945058,0.028272904840415274,0.028272857265034725
0.01929816198916823,0.8263246598905527,0.01929666398494884,0.019298565550781438,0.01929666426221086,0.019296664263778046,0.01929666420297929,0.019297931441585755,0.019297359885622544,0.019296664528372264
0.014334409666929216,0.014330908599904019,0.014330508404270628,0.014330470687429452,0.014330352041745329,0.014330352042142232,0.014330791775381007,0.014336223728241157,0.8710156310152346,0.014330352038722413
0.02370407803698473,0.7867121201456495,0.02369774738015816,0.023698139894729405,0.023697747486276597,0.023697747486877023,0.023697747463603668,0.023698656157200106,0.023698268466802886,0.023697747481717775
0.02802807874934661,0.028027723339392796,0.02803500436587537,0.0280277234276689,0.028027723442440373,0.02802772344280981,0.028027758119948117,0.7477427810607149,0.028027760612202007,0.028027723439601072
0.42177099705791565,0.024576662959858366,0.024629456543023513,0.38152256444633914,0.02457308355092374,0.024573083551892524,0.024575206329133986,0.02462978566921894,0.02457607634982463,0.02457308354186951
0.06644374345704629,0.020443280447014194,0.020443318018301092,0.02044385710691442,0.020443057640696455,0.02044305765163056,0.020443327591158744,0.7700078851842498,0.02044541534563084,0.020443057557357664
0.4930067150983414,0.3067674265107595,0.02502760859775837,0.02502827232652976,0.02502756941133615,0.025027569416229054,0.0250275692264763,0.02502952884821793,0.025030171190306823,0.025027569374044566
0.018625674759350428,0.8323762889193461,0.018624320803630797,0.018626027279157097,0.018624321234245185,0.018624321236679425,0.01862432114225414,0.018625457893607256,0.01862494526646102,0.01862432146526871
0.526264494749098,0.30385648151963085,0.021229076233946292,0.021229465347314694,0.021229077872329912,0.02122907788159807,0.021231877954978485,0.021265354902879917,0.0212360157364774,0.021229077801746255
0.02667387921888804,0.02667373619957875,0.02667503911410969,0.02667373623230575,0.026673736237781232,0.026673736237916554,0.026673766560411764,0.759934865201257,0.026673768761025046,0.026673736236726246
0.30730209255425067,0.024596418195443646,0.02468435038839996,0.4957656739193984,0.02459290077381381,0.02459290077437863,0.02459634346750972,0.024676610113572157,0.02459980904644721,0.02459290076678594
0.025376306579481863,0.02538243478719852,0.025375698023566224,0.025375535086240734,0.025374692801088002,0.025374692801381892,0.02537483119888771,0.7716126280091727,0.025378487914139738,0.025374692798842656
0.7775503527868631,0.024720019820892336,0.024715849411910143,0.024715954579298014,0.024715800138591017,0.024715800140028242,0.024715800084334466,0.02471652089274539,0.024718102017572716,0.02471580012776435
0.8733106329292177,0.014082639602934663,0.014090851556055049,0.014073075859460103,0.01407307343897296,0.014073073447214122,0.014073073127135986,0.01407723738108039,0.014073269281469774,0.014073073376459237
0.02788047774855752,0.02788067678123506,0.027879097121586403,0.02787912034340788,0.027878771516471734,0.02787877151660969,0.027879029975037373,0.749085911973571,0.027879371508131454,0.027878771515392076
0.028108706159068665,0.7470216169207039,0.02810868766326604,0.028108687671986255,0.028108687674505483,0.028108687674568134,0.028108687672103783,0.0281088632250678,0.02810868766470969,0.028108687674020253
0.43023762482546213,0.3816471675104476,0.023514504467086857,0.023513951742237738,0.023513844392782715,0.023513844396566667,0.02351384424964685,0.02351752893045085,0.023513845121424536,0.0235138443638941
0.02293308895989341,0.7936022993759632,0.022933187180611853,0.022933043572399742,0.02293304359919714,0.02293304359986321,0.022933043573651894,0.022933163049612376,0.022933043494771453,0.022933043594035803
