P(Topic 1),P(Topic 2),P(Topic 3),P(Topic 4),P(Topic 5),P(Topic 6),P(Topic 7),P(Topic 8),P(Topic 9),P(Topic 10)
0.023445051463975224,0.02344505078211486,0.5348546778009589,0.02345025839217791,0.02344505151483601,0.2775785513021208,0.023445051120431132,0.023446206185596275,0.02344505093710289,0.023445050500686324
0.02536380329248602,0.025366956849687008,0.02536445415101933,0.02537841697382584,0.025363803381013062,0.771707355736399,0.025363802694230667,0.025363802930054993,0.025363802375435996,0.02536380161584799
0.025738493976468168,0.025738493072505374,0.31908809958622547,0.025743228073486397,0.02573849404387681,0.47499806918717125,0.025738493521005216,0.0257384936464487,0.025738547802932624,0.025739587089880035
0.019077747142938396,0.01907366872599476,0.01907385804125426,0.8283036869197812,0.019073342142665713,0.019073622362054735,0.01907334200266966,0.019088759324841997,0.01908783522742423,0.019074138110375116
0.01484210441958675,0.014842103648635224,0.8663383052243138,0.01490413873735948,0.014842104477087574,0.014845670602979855,0.014842104031139645,0.014842104138231586,0.014859261390038186,0.014842103330628052
0.012076419971545902,0.012076419283527713,0.8539572345336671,0.04942418028031337,0.012076420022846306,0.012082786668580484,0.012076458536552355,0.012076602248379267,0.012076627193153165,0.012076851261434145
0.019827903180436472,0.019833417529472996,0.019824202259419915,0.8215476234450083,0.01982332046283242,0.01982485320001444,0.01982343963707221,0.01983619490364826,0.01983110333600337,0.01982794204609147
0.019900511916296514,0.13442040318011894,0.019904201831566028,0.7063710000965594,0.019900512060324387,0.019901329147144497,0.019900510943054096,0.019900511211174563,0.01990051042457504,0.01990050918918663
0.018998169049699032,0.018998498887386472,0.018998390419987285,0.49729085732170797,0.01899816912238772,0.3507224276059545,0.01899816856133884,0.018998168694201338,0.01899816829736029,0.01899898203997647
0.1,0.1,0.1,0.1,0.1,0.1,0.1,0.1,0.1,0.1
0.37748617761905245,0.0671770218608949,0.019084205037338042,0.33408828730711493,0.019082307213429538,0.019086325286652474,0.019092854055556056,0.10673778722600145,0.019082729321583725,0.01908230507237645
0.02298919772371235,0.022989197274089202,0.022994365368147297,0.022997692114738903,0.02298919775723193,0.7930835316172509,0.02298919749712502,0.02298919755960346,0.022989197376338526,0.0229892257117625
0.013302243823774394,0.013302242133781915,0.862745466777857,0.01331409244888818,0.013302243949797513,0.030824618740643756,0.01330224297216011,0.013302243206806747,0.013302364509655796,0.013302241436634535
0.021297804412613044,0.02129780393974747,0.02129781631287202,0.02130002288837929,0.021297804447868086,0.8083174890303173,0.02129780417433449,0.021297804239979037,0.021297804047279694,0.021297846506609697
0.023774546954090564,0.02377454645544413,0.15873447139059185,0.023777358913162853,0.023774546991272332,0.6510645230341355,0.02377454670282228,0.023774546772042184,0.02377454656883813,0.02377636621760003
0.019149644737873506,0.019149643664030186,0.11135858399909555,0.019156084016708628,0.0191496448179956,0.7354333255775019,0.01914964419681483,0.019149644345836696,0.01914964390822371,0.019154140735919572
0.014640878459311907,0.014640876830065232,0.014643669201540843,0.8682225536222898,0.014640878580805908,0.014646574184155162,0.014640877638309967,0.014640877864822332,0.014640880869767964,0.014641932748930827
0.11671854271912545,0.021782031600436378,0.021791234473009246,0.7090084388110102,0.021780970132962443,0.02178139594473079,0.021781172475667736,0.021782478168732827,0.021785444405041595,0.02178829126928339
0.01073958213985381,0.010742325599940789,0.010741266110077004,0.9033218441514413,0.010739582346105917,0.010740274816562029,0.010739732623664351,0.010740070034149457,0.010739743555753169,0.010755578622452217
0.0282888771947421,0.028290809950792355,0.02828906595013449,0.02828976600523105,0.028288877246445052,0.4978457957529415,0.2758395082715885,0.028288876941618475,0.02828887665905502,0.028289546027451363
0.028293188109072623,0.02829435342974194,0.028293301898004865,0.02829378155599505,0.028293188142202674,0.7453504090749228,0.028301810664676443,0.02829318794690121,0.028293187765817154,0.0282935914126652
0.022278852082059687,0.022278851364386364,0.022306379718559498,0.7210837511171214,0.02227885213557577,0.10065590166099554,0.0222807806718892,0.022278851820060116,0.022278851527597496,0.02227892790175481
0.009919889161706615,0.009924194767418154,0.15149520343871647,0.6256382177047495,0.00991988935365374,0.15342234632125812,0.009920075315418362,0.00991994872934921,0.009920280335082451,0.009919954872647296
0.019971937347649835,0.019976417918424506,0.019971938372700424,0.8202475692110205,0.01997193735887334,0.019972437592216365,0.019971937271775233,0.019971937292809248,0.019971950499606074,0.019971937134924494
0.028324468265159296,0.028324468100096728,0.02832446797232852,0.745079786852562,0.028324468277523027,0.028324467974873896,0.028324468182793015,0.028324468204740366,0.028324468137511705,0.028324468032411315
0.19354396802117946,0.013841009780834568,0.013844125704280962,0.6377341766702972,0.01384102461036765,0.07183067944971641,0.013841953564670767,0.013841021619865682,0.013841012919142226,0.01384102765964506
0.019040385982138468,0.01904037517458005,0.019040390898344053,0.6226793557017972,0.019040386788203606,0.059704881413603104,0.019040380535694696,0.01904038203656069,0.01904038432998442,0.18433307713909375
0.020722344243691813,0.020722343025023782,0.020725346551034682,0.8134927137812872,0.020722344334566236,0.020722455486661885,0.020722812844898,0.02072495390833465,0.020722343302153487,0.020722342522348267
0.027895856322894028,0.027895856297883253,0.02789585627828321,0.7489372125099183,0.02789585632475912,0.02789585627876371,0.027895856310315843,0.02789585631376405,0.027895937075834935,0.027895856287583586
0.021731573395199804,0.021733090292970308,0.021732125336322777,0.021736363195877167,0.021731573416115153,0.8044081945076419,0.02173157325385537,0.021731573292767096,0.021732171990058835,0.02173176131919159
0.0268380299306238,0.026838817078148034,0.026838029908239552,0.7584513167455188,0.026838029931558975,0.026840249388307418,0.026838029924301423,0.02683866171740264,0.02684048495938011,0.026838350416519163
0.025400163692228753,0.025401433730704026,0.02540016245323289,0.25581303174108894,0.025400163746523128,0.5409839517066127,0.025400163345534046,0.02540016343977885,0.0254001631554717,0.025400602988824867
0.02432915209302949,0.02432915174441435,0.02432978967867449,0.02432997225379417,0.02432915211902823,0.781035928019602,0.02432915191735625,0.024329151965760958,0.024329151823704726,0.024329398384635305
0.023574731979078393,0.02357473161326193,0.02357493348207629,0.0235772806059629,0.023574732006356396,0.7878239319815415,0.023574731794815215,0.02357473184552943,0.023575253795319596,0.023574940896058317
0.026567541334761552,0.02656811725004099,0.026567541276180544,0.7608882149223328,0.026567541337192215,0.02656760651870059,0.026567541318236493,0.02656800359853744,0.02656933673788281,0.026568555706134513
0.022960424387206847,0.022960421951714015,0.022969172330143357,0.32230369584177987,0.022960424568688097,0.4940036124640552,0.02296098150568561,0.02296042349799358,0.022960422505543754,0.022960420947189843
0.028098322319014962,0.028098322301844256,0.028098322288424165,0.7471150992579528,0.028098322320300517,0.02809832228880479,0.028098322310360014,0.028098322312744447,0.028098322305749542,0.02809832229480447
0.015828085973181964,0.015829522449943227,0.015830164681920618,0.6173181396029898,0.2433010054776531,0.028579269808109067,0.01582906872707137,0.015828082492148208,0.015828474768174353,0.0158281860188084
0.027985533521557547,0.027985533456691216,0.027985533405868686,0.7481301298099591,0.02798553352639928,0.027985533407186777,0.02798553348889022,0.027985533497877003,0.027985602455580863,0.02798553342998939
0.01873651181216412,0.01873670164695742,0.01873685116622211,0.8313701071024228,0.018736511830193932,0.018737238195795702,0.01873651169074419,0.01873651172389709,0.01873654336094057,0.018736511470662128
0.019740665918897404,0.01974066497450393,0.019740846009989654,0.7025368947605651,0.019740665989321043,0.01974084600380745,0.01974066544297321,0.13953742112572062,0.019740665189262388,0.019740664584959124
0.015234029341793732,0.015234025853487798,0.015248426496008912,0.15590296682036803,0.01523402960163135,0.7222050845965639,0.015238886186425445,0.015234028068173283,0.015234494032107564,0.015234029003439994
0.026914609270420713,0.026915356879832774,0.02691460922158855,0.7577640692482237,0.026914609272461577,0.0269146934820994,0.026914609256628943,0.026915207831325907,0.026917626305655126,0.02691460923176327
0.020116005792764974,0.8189504157952836,0.02011602967226785,0.02011681312570475,0.02011600579420274,0.02011669726784614,0.02011600578295319,0.02011675776808242,0.020119263235605794,0.020116005765288554
0.017535736330603863,0.017536572788731126,0.017536268324290085,0.8421712268153972,0.01753573653064917,0.017540363328760956,0.017536856171613244,0.017535735351455944,0.017535734258459116,0.017535770100039268
0.1,0.1,0.1,0.1,0.1,0.1,0.1,0.1,0.1,0.1
0.026992938062524327,0.02699293803629678,0.02699299559901607,0.7570604445656544,0.026992938064573653,0.026995800241163846,0.02699293804932329,0.02699293805294948,0.026992938042261494,0.02699313128623677
0.026955575885034822,0.026956148006055006,0.026955575812646966,0.7573966167922904,0.026955575888075498,0.026955776216874176,0.026955575864497552,0.026956034625839433,0.02695754508124316,0.026955575827443047
0.014410317575000688,0.01441100794928832,0.7497547286626755,0.13492771959360494,0.014410317642749446,0.014415368265715312,0.01441031711689188,0.014410562559730798,0.014431579901773201,0.014418080732570098
0.034387143087726425,0.03438717785718614,0.03438746369056386,0.034388931244660206,0.03438714309072436,0.034387158358393656,0.034387188699511725,0.03438714307328825,0.03438714305656649,0.6905135078413789
0.024673591849190657,0.024677606883005628,0.7779176045784406,0.024673904660355902,0.024673591850653164,0.0246740945047996,0.024673635855916448,0.024673591842012135,0.02467359183393226,0.02468878614169364
0.028018712661576566,0.028018605016295897,0.028018735650379146,0.0280188004890289,0.028018589106145565,0.028018596094366743,0.028018609977224766,0.028018589098428675,0.02801858909126869,0.747832172815285
0.023040548698664516,0.023041623595638855,0.7926304303131708,0.023040915745395782,0.023040548709500043,0.023040655622288225,0.023041136999182674,0.023040548645608436,0.02304054858639317,0.023043043084157284
0.01816074464084059,0.018168103116245143,0.018231155205758697,0.83646901325683,0.018160745188405252,0.01816192485148525,0.018163324067103873,0.018160832426289332,0.01816342297818021,0.018160734268861785
0.0170597438756133,0.01705973674230139,0.30569737115315404,0.407524815275599,0.01705974440770217,0.017064981618154906,0.017059740335359033,0.01705974127138789,0.16735439151805284,0.017059733802675635
0.021857493263813078,0.0218576200482494,0.5698888341006928,0.25524306496500404,0.021857494589840074,0.021863202873780182,0.021858115778164558,0.021859117937201744,0.021857479524663347,0.021857576918590686
0.1,0.1,0.1,0.1,0.1,0.1,0.1,0.1,0.1,0.1
0.02027168960849987,0.020272130567404734,0.02027256899907204,0.6863570619273621,0.15145773571355767,0.020272963983508308,0.02027168844106299,0.020275451744113566,0.020276247464253605,0.02027246155116513
0.01478039434634205,0.014780950555765223,0.12884055932796765,0.7529128333760502,0.014780395367533056,0.014780559776295882,0.01478234178222489,0.014780389347116446,0.014780588235986741,0.014780987884717916
0.01742407090051983,0.017424458034918246,0.017443830740811395,0.5602135329442762,0.017424071212069292,0.0174262368457394,0.01742466342967345,0.01742446878199522,0.3003706021108409,0.01742406499915594
0.31965200404775584,0.09829769302102147,0.2461205922457105,0.024052695312307602,0.024038557558503013,0.024039384636957477,0.024038604458029602,0.02404513737219073,0.024047881606047164,0.1916674497414766
0.025770528685780492,0.025771726051467644,0.025772533427312158,0.025771323263734096,0.0257705286881886,0.025770601254440844,0.025770543303784296,0.025770528674010786,0.025770530099323546,0.7680611565519575
0.02654709771063645,0.026547004665735424,0.02654726301445834,0.026547057726620613,0.02654699090473156,0.026547020302395037,0.026547008951039366,0.026546990900967366,0.026546990897472693,0.7610765749259432
0.017444027494171004,0.017464247448275978,0.017466253033730637,0.2847353477564089,0.017443674959596093,0.017444618708709787,0.017443674597566922,0.5756708075466441,0.017443674428229188,0.017443674026667376
0.03660245571480645,0.036603014573243754,0.03660760240847898,0.6705260461256312,0.03660245572013398,0.03660270190986538,0.0366031884085387,0.03660245568870593,0.03660459703480358,0.03664548241579207
0.015317292763671428,0.015317314641127648,0.414784404121812,0.462674708132728,0.01531729349838913,0.01531802551758216,0.01531830620169137,0.015317371165754472,0.015317285151446909,0.015317998805796927
0.032190280873255095,0.032190302761362394,0.032190515230696354,0.03219090691032017,0.03219028088774376,0.032190290262916824,0.032190309723564695,0.032190280802383585,0.03219028072316941,0.7102865518245877
0.017170612116469468,0.01717127106563234,0.7078813542937444,0.15474539652896468,0.01717135363136615,0.01717174655720575,0.017176418801670007,0.017170611419424935,0.01717061064129982,0.017170624944222397
0.015340991275470083,0.015340985213283474,0.5431974895770927,0.33406594345675966,0.015340991727522442,0.015347816981543055,0.01534098822086134,0.01534282209555642,0.01534098873917787,0.01534098271273289
0.021537042506459207,0.021537346627452124,0.02153721753859617,0.8061642997835867,0.021537042512973423,0.021537325411586615,0.021537042462462914,0.021537286495757403,0.021538123580490422,0.021537273080635095
0.026911253618983083,0.026911252206980776,0.02691125110266199,0.16105900706678777,0.026911253724272107,0.026911437092675523,0.09348361186252291,0.02691125310647913,0.026934093300734003,0.5570555869179028
0.0230516681176942,0.023053245888196842,0.02305177001366893,0.02305693083520485,0.023051668126559347,0.02305375591567044,0.023051668057744123,0.02305323462108482,0.7925172443354208,0.023058814088755732
0.021269143573066543,0.021269547762131923,0.02126914332924856,0.8085651913303259,0.0212691435832504,0.021269681555414807,0.021269143504213148,0.021271226158979264,0.021277577433285358,0.021270201770084356
0.03189791176664676,0.031935518853611504,0.1914042634635293,0.19153279644660895,0.031897911856086515,0.03189792945255789,0.03189797006230282,0.03189791133444212,0.031897910839729336,0.3937398759244848
0.021859189188859315,0.021859188511876643,0.8032597036064203,0.021859391824922598,0.021859189239340965,0.02186658294070568,0.021859188847703815,0.021859188941710968,0.021859188665826677,0.021859188232632987
0.02998915936427091,0.030009827654537427,0.522661131101595,0.2373668505855317,0.029989159399597468,0.029991630879543648,0.02999090706867737,0.029989159191057192,0.029989158997769504,0.03002301575741999
0.023266953983620456,0.02327085905461912,0.7905859415881901,0.02326912269465951,0.023266953997144114,0.023269062041787213,0.023266991973855365,0.023268236131105128,0.023266953843297713,0.02326892469172156
0.02280500144723632,0.022806123565803995,0.7947505128973835,0.0228053848998355,0.022805001451583762,0.022805113217870345,0.022805615561660775,0.022805001426053267,0.02280500140241113,0.022807244130161556
0.01591922099317218,0.036355098972426746,0.03412618889286772,0.8180814589989709,0.0159192211976793,0.015921157312912656,0.015919579498460453,0.015919219991957657,0.015919258724000535,0.01591959541755169
0.018559200450807986,0.018560563264076936,0.018570418317407533,0.7159216109329438,0.01855920077934336,0.018561589051585652,0.018559917868395615,0.018559198842355545,0.01855931857818192,0.1355889819149016
0.02304151411183579,0.023041538957769784,0.7926207884919027,0.023041906722920398,0.023041514115476266,0.023041534580256044,0.023041546721604644,0.023041514094034928,0.023041514074111997,0.023046628130087413
0.03463313760835888,0.034633646466921186,0.03463782366621391,0.6882492912561897,0.03463313761357018,0.03463336177086423,0.034633804752537474,0.03463313758274339,0.0346349440315682,0.034677715251032845
0.025180502822691294,0.7733731993741945,0.025180588871091713,0.025180724852332987,0.025180502823065096,0.02518062298701014,0.02518050282011988,0.025180502820835313,0.025181030277229552,0.025181822351429576
0.020971161940914387,0.02097173052138307,0.020971164110260034,0.020974444003330386,0.02097116194362291,0.020971392637942038,0.020971161922596755,0.8112507212125256,0.020975605248542695,0.020971456458882112
0.021448203776336886,0.021448709526478715,0.021448694051566224,0.8069580282052561,0.021448203782316287,0.021451031433782707,0.021448203735921996,0.021449347341135034,0.021450834990439555,0.021448743156766578
0.026665019390279977,0.026666106625255228,0.4115487516317193,0.026665344934883706,0.026665019395525496,0.026665078726603394,0.026665049844069203,0.026665019364584736,0.02666501933609607,0.37512959075098273
0.1837153113445666,0.027302201476314788,0.4244346068613456,0.027300361245615908,0.027298972748802094,0.027299383821687735,0.027299041182545697,0.02729897236848531,0.027298972016056806,0.2007521769345795
0.02801387314481246,0.028018441917929026,0.028016722508369386,0.028014202867023656,0.028013873145798878,0.028013952492001292,0.028013886434060865,0.028013873139922454,0.028013873134530163,0.7478673012155518
0.015544841804947402,0.015545486863005761,0.015545173917407472,0.860071336864482,0.015544841863881819,0.015547326497309348,0.015544841406465755,0.01554565193098903,0.015565050958866695,0.015545447892644627
0.028620612310879937,0.028620610212977442,0.14110850212747056,0.6299184640878416,0.028620612467318174,0.02862875595715291,0.028620611253685858,0.02862061154499382,0.02862061069004629,0.028620609347633514
0.017723232756561673,0.017737818274720468,0.7801661418898395,0.0513167872356785,0.017723233363458154,0.04424518930312668,0.017723254772254643,0.017766780564236636,0.01787396620946048,0.017723595630663225
0.012868030852254112,0.012868166425559815,0.20537654074949155,0.6916768196890598,0.01286803143561594,0.012869499074584694,0.012868102410141649,0.012868256831732783,0.012868532728743932,0.012868019802815558
0.014966000532768324,0.01496613556784479,0.4301913683024756,0.014981453227728328,0.014966000654946734,0.45006267058289084,0.014966092670657792,0.014966118531607543,0.014968161710644778,0.014965998218435144
0.024094750700810477,0.02409568522424747,0.02409574977996554,0.6742058544038527,0.02409475075683039,0.13301809376702525,0.024094985405750197,0.024098643257131392,0.024105891920178018,0.02409559478420877
0.02010509013776541,0.020107172887338244,0.02010561840431856,0.02010820904239621,0.020105090140157038,0.020107898090337525,0.020105381453671314,0.020105090126005996,0.8190429639932865,0.020107485724723224
0.02645182110287079,0.026451820171671536,0.02645428646027135,0.7619121512209357,0.026451821172306215,0.02646221274518339,0.026459272181540573,0.02645182076298708,0.026451820383430108,0.026452973798803098
0.02052886839575069,0.020528873755528403,0.33796195141586993,0.020542633070500756,0.020528868484839202,0.0643984375359415,0.020528876385567534,0.020528867960352106,0.020529291228608117,0.4539233317670418
0.025180502822691294,0.7733731993741945,0.025180588871091713,0.025180724852332987,0.025180502823065096,0.02518062298701014,0.02518050282011988,0.025180502820835313,0.025181030277229552,0.025181822351429576
0.017393170613698307,0.017393322092629202,0.01739504933446574,0.5556933904187755,0.017393170994798035,0.3051482679207466,0.017402864475184233,0.017393212889629812,0.01739382104029266,0.01739373021977967
0.02157700356528549,0.021584358880090727,0.02157850970112735,0.8057635078588707,0.02157700357473517,0.021580540317630837,0.021577003501384213,0.02157941946333114,0.021591511703084917,0.02159114143445932
0.024247228006690325,0.024247227940937602,0.024247435450567893,0.024251676110839032,0.02424722801155113,0.7817700227593893,0.0242472279735672,0.024247227982671024,0.024247227955885145,0.024247497807901284
0.01951754259530926,0.019521919033314294,0.01952159856352206,0.019520895629744336,0.01951754259876253,0.8242923284844779,0.019518034576283635,0.019520006836055957,0.019524962483420172,0.0195451691991097
0.020818435725801332,0.020818435087718544,0.020818994778124076,0.137793271954596,0.02081843577350392,0.020820923731421106,0.020818435403515554,0.020818695479708396,0.6956538853724487,0.020820486693162304
0.029768674233931473,0.029768693440012036,0.02976885114518146,0.02976912717474638,0.029768674235501585,0.02976868267083551,0.029768699428083252,0.02976867422637202,0.029768781403843262,0.732081142041493
0.022139702835999683,0.022139702518842685,0.022142555101606586,0.02214381658635425,0.02213970285964681,0.8007357097221373,0.022139702676183613,0.022139702720212266,0.02213970259096531,0.022139702388051654
0.01436138089259453,0.014361378833019713,0.7640198127322962,0.12108075144376934,0.014361381046174059,0.014368775747872103,0.014361379855208556,0.014362336793599917,0.014361424671954823,0.014361377983510714
0.40062353378549126,0.028457142852357037,0.028457267965480218,0.37169301224655904,0.028454992001041703,0.028493725689990958,0.028454991735483572,0.02845499179889955,0.028455350604121524,0.028454991320575124
0.02358441341336947,0.023586037719631157,0.787730983827394,0.02358545718417164,0.02358441341637071,0.02358443095795129,0.02358596253354822,0.023584413398722543,0.023584413382324594,0.02358947416651646
0.033673090427741796,0.03367309022507946,0.03367309006629867,0.03369256535678621,0.033673090442855394,0.3683150460784085,0.03367309032563985,0.033673090355898494,0.36228012278805716,0.03367372393323455
0.027849522263998987,0.027849522108650743,0.027849554374761998,0.7493529897601967,0.027849522275578062,0.027850800634424543,0.027849522185759607,0.02784952220742634,0.02784952214456132,0.027849522044641715
0.018914941705098946,0.01891719601420732,0.8297619123411571,0.018915051059653704,0.01891494171054189,0.018914947935098094,0.018914960580803258,0.01891494167856769,0.01891512234571064,0.018915984629161144
0.021413624019917643,0.021413775592668077,0.021414211649968123,0.7078892514349888,0.0214136240669418,0.1207915800057743,0.02141378220987298,0.02141860305929554,0.02141759930394896,0.021413948656623855
0.014720624959416779,0.014720765794838728,0.014732850604634494,0.8675009150839741,0.014720625337376822,0.014721659736389756,0.014720622405514486,0.014720623109054311,0.014720639168217432,0.014720673800583185
0.0171445131716663,0.15292619832936655,0.05848087405986877,0.6685715048416321,0.01714451364137637,0.017144837634826066,0.017153696433784605,0.01714451087214606,0.017144508305134816,0.01714484271019841
0.014994158498897006,0.014994152046847295,0.06655780024768787,0.813477822336041,0.01499415898003375,0.014996724063146564,0.014995848599752833,0.014994303889411345,0.014994183986246702,0.015000847351935522
0.029254282742799134,0.029254282702286454,0.02925484610725409,0.02925560498236523,0.029254282745819715,0.7367093646245626,0.029254282722398453,0.029254282728008365,0.02925428271150043,0.02925448793300541
0.02041480770077654,0.0204148052512175,0.4251341097129789,0.3181639579041054,0.020414807883412843,0.020416874138120447,0.020417194113393763,0.020414806806563605,0.020426744290523734,0.1137818921989074
0.03252912258963508,0.03252916448459598,0.3100235897444192,0.03252920819756733,0.032529122701555085,0.03252913906725716,0.03252921413155481,0.03252917144548754,0.032529121430024434,0.4297431462079034
0.024796563732411243,0.024798140419914075,0.7768259469052579,0.02479682147285361,0.02479656376206188,0.024796580135498732,0.024796614399188514,0.024796563587854106,0.02479656342648766,0.024799642158472322
0.022063001134820997,0.02206395954258505,0.022065454105111036,0.022065193435172617,0.022063001155153143,0.02206346106429603,0.8014264103152055,0.022063001035278657,0.022063417308807388,0.022063100903569697
0.023501147956987586,0.023501147629058763,0.023502525050743565,0.7884741399607302,0.02350114798144045,0.023515268343159156,0.023501147792015436,0.023501147837269254,0.023501179954670506,0.02350114749392501
0.029453654655567235,0.02945365374487525,0.029455208840125306,0.15952371582326033,0.029453654723472097,0.6048448590564454,0.029453654205238038,0.02945365432309932,0.029453653951969,0.029454290675948125
0.02930604942423732,0.02930604922958243,0.029306119518438856,0.029316091294716858,0.029306049438753076,0.736235443988992,0.029306049326238988,0.029306049355892105,0.02930604927384715,0.029306049149301166
0.025357953588404123,0.025357952316631998,0.025358086118084724,0.1293636538148595,0.02535795368324251,0.6677720272868353,0.025358515669307025,0.025357953124727894,0.025357952605857305,0.02535795179204962
0.023543912663942335,0.023543910936553454,0.09803916964613157,0.17627020760712084,0.02354391279276271,0.560882714873948,0.023544437891983204,0.023543912033315885,0.023543911329467888,0.023543910224773836
0.023625636954115438,0.02362738558415185,0.023626462780088186,0.6795707416285592,0.02362563718636825,0.02363795152813832,0.023628677159964744,0.023627452652748585,0.023626551213393764,0.13140350331247164
0.032149713879841085,0.2988917434532936,0.03216424762016964,0.032154916718406756,0.032149713885430586,0.03215144057420467,0.44380630228880635,0.03214971385235835,0.032149713821719085,0.03223249390576984
0.030079467753072762,0.03007948932640395,0.03008123648945564,0.030079620409257154,0.03007946775468554,0.030079477232179606,0.030079496051147427,0.030079467745086852,0.030079470518790917,0.7292828067199202
0.023054882006060914,0.023055456680447405,0.023060894518749743,0.7924858618720545,0.023054882069816027,0.023068431903976533,0.023054881591687462,0.02305488169943278,0.023054946859856366,0.023054880797918342
0.41579189541537254,0.028366168724667594,0.02836609183922405,0.3572402958096058,0.028363802869211672,0.028416139725742227,0.02836380275805625,0.02836380278445548,0.02836419749104677,0.0283638025826178
0.022934087602681577,0.10685189402460318,0.02293628460447019,0.7096556398995745,0.0229340876210193,0.022934539297129013,0.022934346185650968,0.022934087513122897,0.02293656264022118,0.022948470611527393
0.1,0.1,0.1,0.1,0.1,0.1,0.1,0.1,0.1,0.1
0.01834181685513026,0.01835267612449282,0.018349602153551223,0.7231722064185185,0.018341817082022448,0.018343089555397027,0.130065528645966,0.01834246171120269,0.018343928651905792,0.0183468728018134
0.012762438637614587,0.012762928178126961,0.6584385398175532,0.23945819352759953,0.012762438888517596,0.012763805271792827,0.012764348347152767,0.012762437409192568,0.012762436037826501,0.012762433884623505
0.017554897322190198,0.01756133776748442,0.017555547032583486,0.8419876913389743,0.017554897355154434,0.01755826097615829,0.017554972861581884,0.017557028784364354,0.017557547976507416,0.017557818585001224
0.02787095451955878,0.027875383432160904,0.02787335624116622,0.027871274425497534,0.027870954520822798,0.02787103149966787,0.027870967411510676,0.027870954513311497,0.02787095450640199,0.7491541689299017
0.016589110310186197,0.016593406401479934,0.7850885969049904,0.08216159559295617,0.01658911036341935,0.016593162696702732,0.016589109950835845,0.016589110049693677,0.016617688427557807,0.01658910930217783
0.017554897322190198,0.01756133776748442,0.017555547032583486,0.8419876913389743,0.017554897355154434,0.01755826097615829,0.017554972861581884,0.017557028784364354,0.017557547976507416,0.017557818585001224
0.01998643340298365,0.019986432149106812,0.01998688111352203,0.3033327018172656,0.019986433496483012,0.5367732753651112,0.01998803748456183,0.019986432945234636,0.019986432434240836,0.019986939791490445
0.033858116663810854,0.03385811657192854,0.03385856687159808,0.6952765003456605,0.03385811667067347,0.03385811650169333,0.03385811661750701,0.033858116630274604,0.033858116592824915,0.03385811653402868
0.029299435780009087,0.02929216121044025,0.029292206490555393,0.7363570672482201,0.029292161330495156,0.029296777446292353,0.02929216126591171,0.029292161281617567,0.029293267071803793,0.029292600874654583
0.018591022625153324,0.018599307202393618,0.01859183417900646,0.8326646328960648,0.018591022635379605,0.018591988305349607,0.018591128370097756,0.018591669041282614,0.018591996879641717,0.018595397865630463
0.02117661344766883,0.021181618650664636,0.021177413127767643,0.8093976005656136,0.021176613491181412,0.021177737244172205,0.021176613153211066,0.021176697007824763,0.02117661299635287,0.02118248031554303
0.021977041921771065,0.021977579326108842,0.02197705163786817,0.8021717876563063,0.02197704203234315,0.021978604313973932,0.021977041174465264,0.02200008562220658,0.021986606691569346,0.021977159623387376
0.02095981996321725,0.020959910665019215,0.02096218181871552,0.8113477529777698,0.020959820107188096,0.020962769552635693,0.020959818990622867,0.020960223808592745,0.020967506724144228,0.020960195392094563
0.02352519699223868,0.023526383305984763,0.7882674480334952,0.02352652820244469,0.023525196997638054,0.023525209729938292,0.0235263284445482,0.023525196965267968,0.023525196935265516,0.02352731439317846
0.022100706292665057,0.02210319473621849,0.02210238952611548,0.8010863677327423,0.022100706325344437,0.02210357297385456,0.022100706072002943,0.02210070613274238,0.022100705954096227,0.022100944254217998
0.029139287052931905,0.029139286993545538,0.02913943185832114,0.029144209199636756,0.02913928705726934,0.7377413498079443,0.02913928702299611,0.02913928703121636,0.0291392870070398,0.029139286969098805
0.03189795423916132,0.03189795180859735,0.03189955854085169,0.3219826763763209,0.03189795442040521,0.031901798993137775,0.4228282491023405,0.0318979533518285,0.03189795236131605,0.03189795080604073
0.024774067854599475,0.10990425374905155,0.02477412416348494,0.1206507067300469,0.02477406789076327,0.5960242414696448,0.024774067609977524,0.024774067679568027,0.02477621117561265,0.02477419167725088
0.02519980346103761,0.025199803192400796,0.025202874530583147,0.4759321073556515,0.025199803481063217,0.025220994323769088,0.3224452039574327,0.025199803362963766,0.025199803253492272,0.025199803081605816
0.019227796236585472,0.01923177914652047,0.019233010938034093,0.8269259675728294,0.019227796318147403,0.01922815645743767,0.019227795684143498,0.019228487092672896,0.019236298196006456,0.01923291235762257
0.022806449052365643,0.022813127929910398,0.022808587074615434,0.7947269839432543,0.022806449098468032,0.022808246078498465,0.022806448740451655,0.022808885979779127,0.02280729509186024,0.022807527010796767
0.019380489342992264,0.01938151878957992,0.019381874069446872,0.7037152995873741,0.01938048963633551,0.1412383660539671,0.019380489510245725,0.019380487907172003,0.019380501316379396,0.019380483786507082
0.022146977655983096,0.022147696596732033,0.022149226132967294,0.6690979538597168,0.022146977674883085,0.022156471467939233,0.022146977528237206,0.022154054848107556,0.02215737958695025,0.15369628464848342
0.47158073642460435,0.034609839173630065,0.034603904111666785,0.034602953028392856,0.034601362369895534,0.034602444101747204,0.03460159610046848,0.03460136235511618,0.034601362341424836,0.25159443999305353
0.018483400858805444,0.01848339682829145,0.018483398098285104,0.7623617980802584,0.018483401158740653,0.01848381686472054,0.05771915681224726,0.05053146939303143,0.018483821752282522,0.01848634015333749
0.0208734777937034,0.020873738676755398,0.020874685981750102,0.02087376888688594,0.02087344004097675,0.020873445200862473,0.020873446412249953,0.020873465979451725,0.020873491074593062,0.8121370399527713
0.018798948578680464,0.01879894459868717,0.018800760582796658,0.830807673649019,0.018798948875465765,0.01879894155586164,0.018798946572963816,0.018798947125752037,0.018798945503761218,0.018798942957012198
0.01491110963358418,0.0149128430174411,0.01491239444862397,0.8657903147157819,0.014911109785798245,0.014916720154639466,0.01491155672225613,0.014911137580732583,0.014911347666199804,0.014911466274942494
0.01955993188917503,0.01956222992293792,0.49044813121089514,0.3530630154419056,0.019559931958721532,0.01956248225863635,0.01955996727691385,0.01955994143443007,0.0195599311686206,0.019564437437763652
0.026351502999912225,0.026351749507391584,0.02635528229802119,0.7628055973581215,0.02635150301525793,0.026358494144024074,0.026358826525287763,0.02635150292395187,0.026351820783745053,0.0263637204442869
0.02796566575523572,0.02796566569782101,0.027966134145471472,0.027966242478824083,0.027965665759517096,0.7483078898564239,0.02796566572632031,0.027965665734274777,0.027965665710878388,0.027965739135233356
0.019174182545745034,0.01917609457716073,0.8274272114865214,0.01917439102184212,0.019174182558324208,0.019174296809470442,0.019174198580833145,0.01917418248421799,0.019174707620773015,0.019176552315111606
0.029821866897489703,0.029821906588970725,0.2097743987540318,0.18233697038835353,0.02982186694138265,0.029821883611731256,0.029821919403928747,0.02982186668260342,0.029823167921282822,0.3991341528102252
0.02987782095552142,0.029878401550270713,0.029883259928253903,0.7310607704846969,0.02987782096172803,0.02988177902861647,0.0298785821641764,0.029877820925119227,0.0298778208912099,0.029905923110406983
0.03785889823838033,0.03785895377847252,0.037860799453630696,0.037858992575837025,0.03785889824050009,0.03785892267902852,0.037858971069159225,0.03785889822800061,0.03785889821641484,0.6592677675205761
0.01483007722491346,0.014832000910619583,0.2949997600512612,0.5863528159725323,0.014830077568947594,0.014833783486068763,0.014830075352675004,0.014830273732178458,0.01483094449105527,0.014830191209748317
0.029747264904064468,0.7322695078566199,0.02974726482517361,0.029747947907432497,0.029747264907358538,0.02974853206193696,0.029747264881777077,0.029747264887940827,0.02975017607250981,0.029747511695186465
0.02822757232346867,0.028227591523365063,0.1561189773375777,0.02823091127735244,0.028227572333912022,0.02822771374367102,0.028227597598268424,0.028228934224122853,0.028230178074571465,0.6180529515636903
0.027614300238664524,0.027620208176022183,0.027614661451857914,0.7514580465712186,0.027614300257519153,0.027619340017938705,0.027614300111258955,0.027614300146364443,0.027614388625167206,0.027616154403988246
0.4348261827333404,0.01816880171519053,0.018126310443802855,0.4200670783480789,0.018125882421346953,0.0181290537067109,0.01812588236004498,0.018127979931127868,0.018158474779138966,0.018144353561217554
0.02794214915723457,0.027942708277806105,0.027942569797102884,0.7485167360701578,0.027942149175991464,0.02794487323872428,0.027942149030497628,0.027942149065414566,0.027942241606487322,0.02794227458058341
0.24969247859318627,0.03294168861040223,0.0329420065907006,0.03294191100217774,0.032941650653577265,0.032941666282398856,0.0329417010798624,0.032941650299408196,0.03294165497360562,0.48677359191468084
0.02885742706759339,0.028859684947886544,0.028859111897981876,0.028857643544384456,0.028857427070825396,0.028857433158452173,0.02885744538976691,0.028858903040516803,0.028860978639511755,0.7402739452430808
0.02954631897679426,0.029546340324010063,0.029546515601240064,0.029547595908562072,0.02954631897765927,0.02954632836992946,0.02954634697012919,0.029546318972749862,0.029547206180419894,0.7340807097185058
0.021107285298709155,0.021102596063856213,0.02109984252141399,0.6649611282482022,0.021099537096506547,0.02109988256034859,0.021099536810453224,0.021099536879061003,0.021099762195725298,0.1662308923257237
0.02037283889347078,0.020385857800717614,0.5725262998562294,0.22914032628324488,0.02037283895026814,0.02037725310733763,0.020372838511086244,0.020373293200232317,0.055705615579744246,0.02037283781766873
0.027043436674398316,0.02704608395206596,0.02704463906001638,0.027043572691733433,0.027043436679485222,0.027043513763338075,0.027043453326372178,0.02704343664948182,0.027043436621670358,0.7566049905814383
0.02835238383048509,0.0283523833326445,0.028352654934339177,0.7448265737853521,0.028352383867632905,0.028354036849560452,0.02835243317810083,0.028352383648738776,0.028352383445854012,0.028352383127292186
0.019216727029707024,0.01921964671151572,0.01921694212732514,0.8270429246242779,0.019216727071235104,0.019219042208944197,0.019216726749044954,0.019216726826620255,0.01921738987212804,0.019217146779201614
0.014333394773122217,0.014336556610811001,0.014333686185829142,0.014334679501994886,0.01433339477528932,0.8709864736166155,0.014333449702062052,0.014333550068126564,0.014339276281721512,0.014335538484427712
0.023720683547202664,0.023721282032360028,0.02372496420195244,0.7865064129959904,0.023720683552378916,0.0237228025985526,0.023720804653079058,0.02372068352186149,0.02372078341504158,0.02372089948158066
0.028054306683613903,0.028056863242908056,0.02805563207935366,0.028056888717575282,0.028054306687993538,0.028054340394954802,0.028054327406735642,0.028054306662164682,0.028054306639145325,0.7475047214855551
0.024582988359477545,0.024583005229415505,0.02458316376473891,0.3663840887312097,0.024582988369319905,0.024585246281655457,0.02458301058067416,0.02458298831142912,0.02458313698151271,0.4369493833905671
0.020474172260981992,0.02047561735846065,0.0204755749530846,0.6343382334811343,0.02047417239258389,0.020476706440660398,0.020474852712455503,0.020474764551020715,0.20185560463138058,0.020480301218237424
0.025039609013206798,0.025040499718490497,0.02503975127779599,0.39432102856439144,0.025039609049840966,0.4053605687990511,0.025039608765636993,0.025039608834424215,0.02503975436597163,0.025039961611190452
0.018551693576316253,0.01855431078984432,0.01855188662106842,0.8330287512865627,0.01855169364345363,0.018553920587396373,0.018551693122582473,0.0185516932478286,0.01855228768920533,0.01855206943574185
0.021254347657438066,0.02125988689538793,0.021254494026056246,0.2118014689694841,0.021254347696005343,0.6181566873000467,0.02125434739683319,0.021254347468814626,0.021254458431847312,0.021255614158086515
0.02662408019499086,0.026624094222031745,0.026624357629934748,0.02662425229474312,0.026624080195584786,0.0266241101599855,0.026624098589366457,0.026624080192082674,0.026624081997329883,0.7603827645239503
0.024629097042789854,0.02462911200086232,0.024629260644458733,0.30931374873004763,0.024629097050459903,0.024633705043040115,0.0246291167342142,0.024629097005319903,0.02462923623401182,0.49364852951479554
0.02537299112786222,0.02538838633781003,0.02537308943503204,0.0253755186614894,0.02537299113004636,0.025376649410503136,0.025372991113077663,0.02537299111713847,0.025373150531360016,0.7716212411356806
0.024724832319248703,0.024725892939035096,0.024729131809208747,0.3542419055662745,0.024724832356030645,0.44795289842974717,0.024725759534752326,0.024724832139969066,0.024725009055034844,0.024724905850698947
0.014071971572130856,0.014071971218638358,0.014076061227586612,0.8242319034211483,0.014071971598491724,0.06318491980347068,0.014071971394113024,0.014071971443136789,0.014074551476848994,0.014072706844434709
0.027896846376553014,0.748921909489445,0.02789708422620369,0.027898122021487035,0.02789684637729166,0.027898820243075384,0.027896846371535503,0.027896846372904592,0.027897315163825123,0.027899363357678945
0.028090921827420755,0.02809092181006851,0.028090921796468413,0.7471808300444788,0.028090921828700766,0.028090921796883273,0.0280909218186856,0.02809092182107747,0.028090921814012564,0.028091795442203926
0.023500409650037232,0.023500843860629738,0.023501152558879895,0.7884945465981911,0.023500409676404568,0.023500951798803214,0.0235004094718019,0.023500409521481663,0.02350045771341756,0.02350040915035312
0.02290018796113997,0.022900187867886862,0.022900288118205124,0.7938982087283071,0.022900187968093726,0.02290018779660564,0.022900187914149904,0.02290018792709588,0.02290018788909314,0.02290018782942284
