P(Topic 1),P(Topic 2),P(Topic 3),P(Topic 4),P(Topic 5),P(Topic 6),P(Topic 7),P(Topic 8),P(Topic 9),P(Topic 10)
0.023385462000261956,0.023385415276749564,0.023385414376204297,0.023385415261126766,0.7895311033052973,0.023385415353183107,0.023385415363299238,0.023385528610934587,0.02338541523200864,0.023385415220934524
0.3313227399954988,0.025333296797727584,0.025336225502687257,0.025333296771182453,0.4660079041001463,0.02533329692681938,0.025333296944009213,0.025333349543481227,0.025333296714918997,0.025333296703528716
0.02563489206618363,0.02563478253113136,0.02563478183037967,0.025634782519029075,0.7692867449967945,0.025634782590600553,0.02563487705794139,0.02563479142725065,0.02563478249298371,0.025634782487705492
0.01895520183003496,0.0189536098103992,0.018967376592643626,0.018953386270912777,0.8293772153759235,0.018953386295578994,0.01895347872883066,0.018979572573605583,0.018953386261953583,0.018953386260117246
0.014800396330536732,0.014800437360474976,0.01480039779213687,0.014800398873811342,0.8667960757160377,0.014800398986354862,0.014800482778879935,0.014800402205397314,0.014800398832994754,0.014800611123375601
0.011998150399205779,0.011997346095386042,0.011997851495961925,0.011997329877440774,0.8920223410800459,0.011997330013842906,0.011997330028320687,0.011997437613566059,0.0119973298282723,0.011997553567957734
0.019706375793037904,0.019697607870046693,0.019714626683558986,0.019697109597923125,0.8226800624118005,0.019697109777516143,0.019697182054392918,0.019715577509771483,0.019697109533002553,0.01969723876894967
0.020034275384245206,0.019905991448317926,0.019905989802508916,0.019905991419580892,0.820717796415834,0.019905991587989325,0.019905991606490567,0.019905989629755032,0.019905991358738623,0.019905991346539486
0.27983289268157147,0.01881296952496426,0.018813366902928005,0.018812969475701765,0.5696474592240199,0.01881296976447011,0.018812969796196965,0.018813063392792186,0.018828369887281267,0.018812969350074024
0.1,0.1,0.1,0.1,0.1,0.1,0.1,0.1,0.1,0.1
0.01897129139516297,0.018985074988209255,0.01897941759773202,0.5978811846627662,0.2502992928416519,0.018970888069947744,0.018970888079523796,0.018996831388820374,0.018973761796575592,0.01897136917961017
0.022811748321269344,0.022811748453702263,0.022811747495859878,0.022811748436983862,0.7946941030934742,0.022811748535008898,0.0228117485457399,0.022811747395307384,0.022811911328335713,0.022811748394318456
0.013203241891331997,0.013203282235811497,0.01320332141591416,0.013203249359296378,0.6810757695897767,0.01320324968954147,0.013203262227326349,0.21329812380329993,0.013203249239252542,0.013203250548449117
0.02117734689331974,0.021177345474847602,0.02117734475235585,0.021177345462235524,0.8094037705164423,0.02117734553618328,0.021177345544278983,0.02117734467641789,0.02117746571386878,0.021177345430049996
0.023715044278150767,0.023714637726883352,0.023714679142788672,0.023714637720327374,0.7865678128878759,0.023714637758750226,0.023714637762995466,0.023714637312162553,0.02371463770644792,0.023714637703617692
0.019041348685190498,0.019041350042759607,0.019041348976690648,0.019041418275347034,0.8286277727818242,0.019041359669327844,0.01904135014521853,0.01904135146223627,0.01904134998472422,0.019041349976681346
0.014654553144530569,0.014650744835126999,0.01465455774301275,0.014650715088186194,0.8681329040845758,0.014652619184237279,0.014650715318540513,0.014651760590759151,0.014650715013159855,0.014650714997871
0.021691504852279813,0.021690065301715925,0.021694700157104257,0.021686633859494094,0.8048018840375135,0.021686633976362748,0.02168691639019765,0.021688393799507252,0.021686633817206494,0.021686633808618166
0.01068362695819292,0.010676007733705547,0.01067671650574195,0.010676007652847859,0.9039072201152816,0.01067600812919369,0.010676068498282466,0.010676308410473654,0.010676007481307244,0.010676028514972966
0.028337636383594277,0.028336631323443138,0.028336631205464737,0.028336631321361754,0.028336935863595904,0.028336631333428765,0.028336631334758194,0.028336631193080483,0.7449690087251651,0.028336631316107575
0.02834105682905297,0.028339459399567928,0.02833945921495895,0.028339459396322916,0.028339777506494548,0.02833945941520778,0.0283394594172863,0.028339459195579387,0.7449419181023204,0.02834049152320889
0.022230463579830727,0.022230464344969555,0.0222304631590996,0.02223046432426357,0.7999258000022109,0.0222304644456088,0.022230464458964382,0.0222304630346033,0.02223048837897842,0.022230464271470834
0.009911042300550392,0.009909478047923324,0.009909494495655317,0.009909478010777286,0.9108095143106772,0.009909476316372541,0.00990948021642307,0.009912164657694346,0.009909475968865484,0.009910395675060827
0.020040638386111375,0.020037040606579026,0.020037040267934885,0.020037040600931092,0.8196622632398849,0.020037040635345775,0.020037040639107856,0.020037747037992118,0.020037040588128562,0.02003710799798448
0.028232863347495595,0.02823286394665459,0.02823286368926049,0.028232863942252898,0.48238284697412687,0.028232863968497928,0.028232863971391534,0.29175424229697683,0.028232863932642543,0.02823286393070057
0.013941320879691957,0.013941346929272153,0.013941334541991526,0.01394134671298633,0.8745252493231527,0.01394134952524042,0.013941348119849898,0.013941480717180238,0.013943877089162757,0.01394134616147202
0.2838051303630429,0.018942155722948027,0.01894194283108192,0.018941947148658066,0.5646586006014307,0.018941947598382546,0.018941947647703808,0.018942428984934825,0.018941946986167513,0.018941952115649766
0.020724702960586046,0.020724704530405834,0.020724703855974202,0.020724704518559484,0.8134658169366155,0.020724704587713916,0.02072470459514359,0.02073641087523685,0.020724842651113778,0.020724704488650773
0.02780327753222201,0.02780327760964097,0.027803277576382346,0.02780327760906096,0.7497679448055589,0.027803277612464834,0.0278032776128373,0.027805431049983932,0.02780327760783102,0.027803680984017767
0.0216105792910541,0.02160818983242453,0.021608189349636802,0.02160818982396868,0.8055193213876201,0.021608832676233425,0.021608189878782977,0.021608938691689554,0.021610471263090843,0.021609097805498998
0.026873044999645924,0.026870712534243463,0.026870712517847103,0.02687071253395816,0.758157620250092,0.026870712535635916,0.02687071253582077,0.02687434702617896,0.02687071253335073,0.026870712533227002
0.02536593995253752,0.025362517833636702,0.025362564170495806,0.025362517817332633,0.771730328908133,0.025362517914457657,0.02536251792337655,0.025362516801838264,0.025366060902432746,0.025362517775759232
0.024291233342715678,0.024291132178574208,0.024291131499675687,0.024291132166734904,0.7813797106255362,0.02429113223626598,0.024291132243895987,0.024291131428492027,0.02429113214161575,0.024291132136493556
0.023512285530765887,0.02351219995727158,0.023512199174414508,0.023512199943562802,0.7883887509243028,0.023512200023659394,0.02351220003245831,0.02351219909224349,0.02351219991461114,0.023513565406710096
0.026623694775786674,0.026621541202651245,0.026621541152565025,0.026621541201777465,0.7604009902762038,0.026621541206901734,0.0266215412074648,0.026624340077640505,0.026621727699461962,0.026621541199546753
0.02277641657981819,0.022776419426808876,0.022776418203828266,0.41192444324595473,0.3013917896760504,0.022776419530602235,0.022776419544351823,0.12724047204705555,0.022784782394529864,0.02277641935099988
0.028110322156580908,0.028110322220084163,0.028110322192803534,0.028110322219608973,0.7470037001646403,0.028110322222399287,0.028110322222705975,0.02811372216418442,0.028110322218599056,0.02811032221839323
0.015544079168774825,0.015544008821371986,0.015546086416667384,0.01554402324007696,0.511887803867088,0.0155440092620172,0.36375527534205604,0.015544294336625693,0.015546296074768675,0.015544123470553162
0.027871578062960253,0.02787157820177089,0.02787157814213888,0.027871578200730305,0.7491541914642975,0.02787157820683273,0.027871578207501836,0.027872825239536884,0.027871578198525152,0.027871936075705615
0.018735040021324402,0.018734931989401283,0.018734931681281205,0.01873493198450292,0.8313854686514338,0.018734932015549727,0.018734932019013904,0.018734948559976854,0.01873493197262761,0.01873495110488807
0.019633479036843874,0.019633479625746048,0.019633479372757917,0.019633479621339215,0.019637063297931735,0.019633479647215634,0.01963347965005957,0.8232950800118125,0.019633479611973842,0.0196335001243195
0.015146736850338528,0.015146741134145806,0.015146737058808217,0.01514674626043553,0.8636788314612242,0.015146741479977459,0.015146741525788873,0.015146757711267875,0.015146740912230651,0.015147225605783108
0.02690114694256287,0.026898982398148676,0.02689898235880057,0.026898982397462606,0.7579020985533621,0.026898982401487897,0.026898982401930244,0.026903877754528634,0.026898982396006636,0.026898982395709762
0.020094621613517376,0.020085042000198523,0.8192221307625228,0.020084989251301998,0.020086668511845335,0.020084961233838437,0.020084961234182283,0.020086702934687867,0.020084961229045534,0.020084961228859784
0.017263142768208534,0.017263147575649247,0.017263329664142887,0.017263147532074943,0.8446274567822719,0.01726326757839359,0.017263147815629855,0.017263189228218484,0.017267023634495702,0.017263147420914775
0.1,0.1,0.1,0.1,0.1,0.1,0.1,0.1,0.1,0.1
0.02698803049556701,0.026988025671583225,0.026988025628151068,0.026988025670825824,0.757105045491146,0.026988025675269443,0.02698802567575747,0.026990744353590276,0.026988025669218763,0.02698802566889106
0.02730214030598221,0.027300482105292904,0.027300482005740645,0.027300482103555408,0.7542913177229777,0.02730048211374125,0.02730048211486041,0.027303167328853607,0.027300482099873468,0.027300482099122367
0.014419063044520718,0.014418366831440866,0.014418353952605972,0.014418319297577344,0.8702339281305506,0.014418320071064554,0.014418316105287002,0.014418678154069643,0.014418315861689958,0.014418338551193474
0.034433151305530096,0.034430096704011606,0.69012435390036,0.0344300967016782,0.03443110316626743,0.03443009671544998,0.03443009671696515,0.03443012260808027,0.03443009669667339,0.034430785484983906
0.7782934541983396,0.024633767917451154,0.024634442023460316,0.024635242083486285,0.024634244423262914,0.02463376791944529,0.024633767919703686,0.02463377768267615,0.02463376791618142,0.024633767915993206
0.027928667267095024,0.027942344877096344,0.2734618056471195,0.027926496989454264,0.5031081589927946,0.027926497004224882,0.027926497005849427,0.02792653824919275,0.027926496984072506,0.02792649698310074
0.7933471656088146,0.022961193419420357,0.022961685529218213,0.022961292876719525,0.022962529084719206,0.022961193436432357,0.022961193438680885,0.022961198376173064,0.0229613548228161,0.02296119340700588
0.018280462494763797,0.018276921407285946,0.018343275789363234,0.20743389111407276,0.646279979248023,0.01827692184751299,0.018276921905827616,0.018277783981870792,0.018276921125329634,0.018276921085950474
0.016822970817963648,0.0167995353319854,0.016799530488088882,0.016820991005246415,0.5474028770773356,0.016799535743079536,0.016799535797506333,0.016799548967500907,0.31815593973955436,0.016799535031738935
0.021927184921637276,0.021926993463061862,0.021926968957061976,0.021926993034904817,0.802656748064911,0.021926995544299447,0.02192699582000915,0.021926966385932556,0.021927036354127558,0.021927117454054304
0.1,0.1,0.1,0.1,0.1,0.1,0.1,0.1,0.1,0.1
0.020137669107149488,0.020135970576516136,0.020135964355009375,0.0201357579994203,0.8187717190217867,0.020135758192552273,0.020135903870691887,0.02013961076568816,0.020135757929576795,0.020135888181608965
0.014774011943134671,0.014773727839741521,0.0147738869951224,0.014773691953724539,0.8670346255651078,0.014773682921111699,0.014773719438516568,0.014773755059917848,0.014773877575520634,0.014775020708102366
0.017294929762839133,0.017294828569035248,0.017294822013019254,0.01729482845458597,0.844345966406125,0.017294829125469424,0.017294829199171136,0.017295205635423055,0.017294828212120094,0.017294932622211837
0.7860454898601003,0.023771637819745183,0.02377530700217081,0.02377163781278019,0.02377377579895525,0.023771637853575372,0.023772074771724824,0.02377515178873655,0.02377163779803003,0.023771649494181476
0.4756613201954028,0.025627440969783522,0.025665996533288604,0.025627440966025983,0.3192805729783192,0.025627440988113304,0.025627440990541414,0.025627464464075992,0.025627440958024838,0.025627440956424375
0.026465207681110842,0.026486051588187162,0.43668584215560485,0.026461137390118423,0.35159605455792853,0.02646113739888813,0.02646113739984456,0.026461157054930042,0.026461137386930837,0.02646113738645681
0.017372512674491046,0.0173738448812475,0.017375210516018213,0.01737299526184563,0.017384569712127044,0.01737251371898936,0.017372513723894124,0.8436308121963036,0.01737251365863151,0.017372513656451916
0.03666712005987428,0.03665596928313544,0.6700822833734394,0.036655969282616704,0.036657772662352484,0.03665596928571206,0.03665600501091108,0.036655984077149,0.036655969281482174,0.036656957683327586
0.01514908594630165,0.015148012059496523,0.015148260073604805,0.015148011908563552,0.8636656066638013,0.015148012794433138,0.01514801289178205,0.01514845610927351,0.015148011588346996,0.015148529964396503
0.3823360956042982,0.03194725245559383,0.031956641703700994,0.03194725244955009,0.36207645000009914,0.03194725255575325,0.031947252569020645,0.031947297888224674,0.031947252391332184,0.03194725238242702
0.016929922673523924,0.016928463566316394,0.01692846048841265,0.01692846351264139,0.8476422608629235,0.01692846382753209,0.01692846386234915,0.01692846016758859,0.01692852288947753,0.016928518149234798
0.015427785189493047,0.015427142364971178,0.015427201619724407,0.015427142249953557,0.8611547563316254,0.015427142924553843,0.015427142998737245,0.015427402359516451,0.015427142005609714,0.015427141955814983
0.02146361721544465,0.021462949973306264,0.021462620382645767,0.02146262044596109,0.3127807920227047,0.021462620452556362,0.021462620453271148,0.5155165218348986,0.021462620443571737,0.021463016775639547
0.027086792682672105,0.02708679373327183,0.02708963374653651,0.02708684678260615,0.02709686003406544,0.027086793771590456,0.027086793776666552,0.027094517473174613,0.02708679370869123,0.7561981742907251
0.022935865334166215,0.022929953543189583,0.022934418182205554,0.02292995354102914,0.022932374092783505,0.022932215882412912,0.022930670773360973,0.7936146415790408,0.02292995353637711,0.022929953535434158
0.02129011735406875,0.021287910637496864,0.021288225661286152,0.021287910621613417,0.8084012059675342,0.021287927922005696,0.021288076593042927,0.021292804016017068,0.021287910614197582,0.021287910612737257
0.5559716189880447,0.03174709238608699,0.03174912705210042,0.03174709236870904,0.19004958051834595,0.03174709247065278,0.03174709248185519,0.03174711907804513,0.03174709233183908,0.03174709232432069
0.09143556369005976,0.021800003655035028,0.021799998042956112,0.02180000356224315,0.7341644186125788,0.02180000413160845,0.021800004194389447,0.02179999745409161,0.021800003349857412,0.021800003307180255
0.402269546558702,0.029985941215089164,0.02998896455898182,0.029985941207117596,0.3578391116108358,0.02998594125436096,0.029985941259533692,0.02998598249858058,0.02998646576787698,0.029986164068921354
0.7910107489705291,0.023220210262169694,0.023221561399072638,0.023220934552187825,0.02322302723757163,0.02322021028313053,0.02322021028551459,0.02322267651354313,0.02322021024894833,0.023220210247332545
0.5405200818808016,0.022827952015593893,0.022829410349679308,0.022828010738261472,0.2768121025439458,0.022827952231683196,0.0228279522603054,0.022827957383414293,0.022828179990776208,0.022870400605538813
0.03642469762684865,0.015792015751177398,0.015792013179936056,0.015793467586767595,0.8372376779096976,0.015792015969009726,0.015792037528040193,0.015792025784286085,0.01579201561089051,0.015792033053346182
0.01844424018629646,0.018443760184420066,0.01844375917243513,0.018443760166801774,0.8340048253724429,0.01844376027031466,0.018443920809466316,0.018444351505654787,0.01844386221047072,0.018443760121697104
0.4805601314491395,0.023008902278049033,0.02300963006639551,0.023008902246231276,0.3353679121316024,0.023008902461171637,0.023008902485430013,0.023008912577052214,0.023008902160579495,0.02300890214434887
0.034654499627476444,0.0346509525636868,0.6881362862694036,0.034650952563325975,0.03465219204590819,0.034650952565491,0.03465097899339382,0.034650966057170676,0.03465095256252906,0.03465126675161447
0.7734327119716697,0.025174067966801945,0.025174092765060833,0.025174067966629944,0.025174455250473526,0.02517406796766097,0.025174067967774043,0.02517433221149454,0.025174067966244107,0.02517406796619036
0.020946847382854437,0.020945053402287313,0.020945167164786872,0.02094504105967778,0.020947909308326733,0.020945041066214518,0.02094510667770666,0.8114897518239963,0.020945041057315757,0.02094504105683382
0.02146308609236503,0.021461893356496953,0.021462178247954322,0.021461893355096007,0.8068396330154786,0.02146191841703316,0.021462013650873992,0.021463562472270572,0.021461893348941257,0.021461928043490217
0.7598220037368729,0.02668627417865704,0.02668770880873023,0.02668627417746171,0.026686357942084977,0.026686274184516863,0.026686274185293086,0.0266862844371085,0.026686274174897797,0.026686274174376818
0.5253785664641697,0.026996300921024608,0.026999640169562706,0.026997554928584296,0.2586464172839105,0.026996301111044962,0.026996301136240988,0.02699631640413879,0.02699630079911185,0.026996300782211647
0.7470010326001588,0.02811087965594518,0.028111558384005413,0.02811087965565454,0.028111242286588827,0.02811087965739197,0.0281108796575836,0.02811088879270756,0.028110879655016827,0.02811087965494733
0.01549646610486026,0.01549195930114555,0.015492399756049841,0.015491855239802906,0.8605656938757295,0.015491855337665198,0.01549201244056564,0.015493943671214332,0.015491855204308291,0.015491959068658483
0.02903899126237514,0.02903899343550391,0.029038992501938633,0.029038993419203043,0.7386490631747903,0.02903899351473286,0.02903899352522614,0.029038992403908444,0.02903899338468146,0.029038993377640133
0.017654359461934273,0.017653702330579772,0.017653697884978562,0.017653714056140222,0.8411146195608872,0.017653702707969565,0.017653702757828526,0.017654085738956007,0.017653702088568164,0.017654713412157814
0.01284998684940661,0.012849756296141546,0.012849751913092858,0.012849756219938507,0.8843354782629153,0.01284975872462649,0.012849764365939001,0.01286616866801005,0.012849776419603302,0.012849802280326325
0.014780202802047098,0.014774562079625969,0.014774539399648753,0.01477453727919989,0.8670019347007758,0.014774540458967719,0.014774556052316729,0.014774644396180862,0.014787274809254208,0.014783208021982928
0.02373025568871067,0.0237261916955601,0.02372658000230517,0.023726191690953528,0.7864554160885074,0.023726225865454784,0.023726355693080202,0.023730399914946326,0.023726191681131825,0.023726191679349917
0.020121466626685337,0.020116469448720736,0.020117337336674507,0.020115752500796943,0.02012040472378553,0.02011574530465385,0.020115757199778178,0.020117426127355342,0.020115745295473962,0.8189438954360757
0.02635810475253008,0.026356359650455935,0.02635635885907993,0.026356359636638047,0.7627910196716625,0.026356359718311167,0.026356359726511513,0.026356358776031957,0.026356359607374855,0.026356359601404103
0.8168472271456549,0.020349601252929738,0.02034984909619298,0.02034935878521896,0.020357166688286663,0.02034935883169656,0.02034935883676817,0.02034936182981773,0.020349358768429526,0.02034935876500461
0.7734327119716697,0.025174067966801945,0.025174092765060833,0.025174067966629944,0.025174455250473526,0.02517406796766097,0.025174067967774043,0.02517433221149454,0.025174067966244107,0.02517406796619036
0.017653866606000344,0.017653629689220914,0.01765374449934318,0.01765362295761301,0.8411158552592706,0.01765362328409201,0.017653634991322047,0.017654750723075922,0.017653622839613515,0.017653649150448335
0.02161311281231528,0.021588192507234726,0.021594606313859767,0.021588192497911645,0.805672130187354,0.02158819255271828,0.021588192558589837,0.021590995617729408,0.021588192478157277,0.021588192474129873
0.02425347210558253,0.02425298380674667,0.02425298363282386,0.024253208951232196,0.7817224326508072,0.024252983821507458,0.02425298382346209,0.02425298361459361,0.024252983797278353,0.024252983795966108
0.019504408456586946,0.01948145108215897,0.01949250063713975,0.019481209000810195,0.01948334305477631,0.019481209006723996,0.019481236791294054,0.8246320756060802,0.01948120899849931,0.019481357365930357
0.02082365203195836,0.020766819038104976,0.020804762321003388,0.020766783431563334,0.020784817689602792,0.020766783479886804,0.8129764565409753,0.020768685950384183,0.020766783414095345,0.020774456102425582
0.02964669304807613,0.02964574059559592,0.7331869972814775,0.0296457405953003,0.02964608371285222,0.029645740597092945,0.029645767706304053,0.029645755274141223,0.029645740594638603,0.029645740594520947
0.022041356859994074,0.022041123109535463,0.0220411225656954,0.022041274002996318,0.8016292568430641,0.022041123155668724,0.022041123161779645,0.022041374145544242,0.02204112307991348,0.022041123075808636
0.014271215235761756,0.014270492401989548,0.014270482346792148,0.014270802160139203,0.642379496137042,0.014270484507277489,0.014270484529581177,0.014271110083862042,0.24345492283164186,0.014270509765912917
0.02829614187555944,0.028293315575647612,0.5537160320847729,0.028293315571935866,0.2199326621602272,0.02829331559370478,0.028294436229441375,0.02829363180585235,0.02829331556406463,0.02829383353879375
0.7881129854657096,0.02354243307693638,0.023543011290912776,0.023542433075499972,0.023546962216837806,0.023542433084102643,0.02354243308503567,0.02354244256090413,0.02354243307234838,0.023542433071712533
0.03401933233541422,0.03396712638492006,0.03396712602203939,0.0339671263789012,0.6942415471624689,0.03396712641584425,0.03396712641991377,0.03396923615292185,0.03396712636509814,0.03396712636247814
0.027811171622190992,0.02781117225557261,0.02781117198347988,0.027811172250835233,0.749699378438755,0.027811172278684144,0.02781117228172311,0.02781124440929227,0.027811172240759862,0.027811172238706917
0.8304347011179861,0.018840515330485724,0.018840912409350787,0.018840526389142492,0.018840718661715668,0.018840515335052318,0.01884056218166906,0.018840517919887705,0.018840515327560498,0.01884051532714972
0.02136575338683545,0.021364843086330125,0.021364947877938557,0.02136484308228046,0.8077124935343328,0.02136484310680284,0.021364843108668152,0.02136774667106294,0.021364843073676924,0.021364843072071624
0.014821553166537124,0.014821424238755094,0.01482142028056789,0.014821424169746437,0.8666068125818327,0.014821424574687358,0.014821429089122208,0.014821663881521296,0.014821424023267173,0.014821423993962668
0.017017680213454293,0.016998091171889686,0.016998085225102474,0.01699809107533248,0.8469974650325053,0.01699809167220111,0.016998091739011435,0.01699811735658076,0.016998090844360627,0.016998195669561737
0.04579044574464608,0.014926647314187493,0.014940921957295482,0.014926641847345412,0.8347816923705436,0.014926642203902949,0.01492664224309385,0.014927055542340953,0.014926641718431362,0.014926669058212697
0.029312840882246807,0.02931280701251647,0.02931280678094778,0.02931327956180429,0.7361842309408362,0.029312807032169392,0.029312807034773302,0.029312806756632545,0.029312806999910134,0.029312806998162983
0.02033853779626091,0.02033498168460559,0.02033498045889633,0.020335047781966643,0.5603446877736517,0.02033498178862086,0.0203349818023936,0.27697183768702843,0.020334981617880738,0.020334981608695325
0.032046016458376944,0.03202547745047769,0.5004120133865987,0.03202547744333157,0.03202563800298716,0.24336339287331957,0.032025477489937615,0.03202555204181853,0.03202547742812503,0.03202547742502719
0.7778886614515402,0.02467881391373763,0.024679285156880094,0.02467881390875734,0.024680349118798323,0.024678813938101705,0.024678813941329213,0.024678820776804885,0.02467881389810838,0.024678813895942293
0.022122408432824564,0.02211927617885902,0.0221201596850298,0.02211927615994212,0.22090152689132417,0.022119276268011183,0.02211927627989572,0.022119275011325525,0.022119922111637852,0.6021396029811502
0.023459251920886378,0.023458949583691536,0.023458949214984978,0.023459103388492993,0.7888689104654136,0.023458949615003107,0.023459029348332227,0.02345895733873989,0.02345894956361857,0.023458949560836734
0.029424926704713472,0.02942471335658818,0.029424801679112364,0.029424713342837375,0.735177278953156,0.02942471342342113,0.02942471343227454,0.029424712486406157,0.02942471331371624,0.029424713307774474
0.02921318410344182,0.02921318480498702,0.02921318450357622,0.02921353877992352,0.7370809840961753,0.029213184831104615,0.029213184833978643,0.02921318447192989,0.029213184788578636,0.029213184786304573
0.025245990949853574,0.025245992446747093,0.02524599180369848,0.0252459924355344,0.7727860707994137,0.0252459925013193,0.025245992508625942,0.02524599173617509,0.025245992411740158,0.025245992406892025
0.023488886171438916,0.023488888016491294,0.02348892360904516,0.023488888002881726,0.7885999749423924,0.023488888083760037,0.023488888092682608,0.02348888714060087,0.023488887973339798,0.023488887967367086
0.023497271916633453,0.023495813472203374,0.023495812870260438,0.023495813461693296,0.7885356048236433,0.023495813523287754,0.02349581353006203,0.023496429527891743,0.023495813439433154,0.023495813434891558
0.30924169198249213,0.03175280074797603,0.03175842508720228,0.03175280074547933,0.4367302003706851,0.031752800760400206,0.03175280076204581,0.03175287806462918,0.03175280074000398,0.03175280073908586
0.02987112057568393,0.029857179013854433,0.731271071686195,0.02985717901305951,0.029857499746097096,0.029857179017777166,0.029857179018296223,0.029857233906709576,0.029857179011337946,0.02985717901098922
0.02301696412075402,0.02301459805671803,0.023014631457681484,0.023014598037455498,0.7928661579500541,0.023014598150389934,0.02301459816279349,0.023014620059047693,0.02301459799663275,0.0230146360084728
0.028161889606470664,0.028160644863071408,0.4056700725549499,0.02816064485963966,0.3690431562437347,0.028160644879758195,0.02816064488267471,0.02816078412387345,0.02816064485236732,0.028160873133460048
0.2830516771018196,0.022869475885406238,0.022905347011833964,0.022869475878297216,0.5339565442467267,0.022869475924149524,0.022869475929273103,0.02286957630478116,0.022869475860557632,0.02286947585715473
0.1,0.1,0.1,0.1,0.1,0.1,0.1,0.1,0.1,0.1
0.01829238136779225,0.018265450548427785,0.018265448654703913,0.01826545051532706,0.8355834185793592,0.0182654507090849,0.018265450730369105,0.01826604801864549,0.01826545044528898,0.01826545043100126
0.0127429991138231,0.012742724613616746,0.012742717387606737,0.012742724426120192,0.8853139929544884,0.012742725167638132,0.012742725239103688,0.012743072731262312,0.012742724160761327,0.01274359420557931
0.017346310119417185,0.01733962583213316,0.017341597169337607,0.01733968489794073,0.8439330990635115,0.017339625860094268,0.017339822992072023,0.01734098243955885,0.017339625814194848,0.017339625811739735
0.7480901442983086,0.027989814670011635,0.02799097514011992,0.02798981466963647,0.027990168946835436,0.02798981467186846,0.027989814672114404,0.027989823593571883,0.02798981466882026,0.027989814668712972
0.016580742885297067,0.01658017150240243,0.01658017068411138,0.016580171488116018,0.8507778856836138,0.016580171571920196,0.016580171581126783,0.016580170598666934,0.016580171457854436,0.016580172546890815
0.017346310119417185,0.01733962583213316,0.017341597169337607,0.01733968489794073,0.8439330990635115,0.017339625860094268,0.017339822992072023,0.01734098243955885,0.017339625814194848,0.017339625811739735
0.019837685874046038,0.019837690060639564,0.019837727101808887,0.019837690029234384,0.8214597611737494,0.019837690213280072,0.019837690233508475,0.019838667653562788,0.019837689962728597,0.019837707697441795
0.03378607767886711,0.033786078043263924,0.0337860778866078,0.03378607804033511,0.6959087393800258,0.03378607805634921,0.03378607805810207,0.033802636788231956,0.033786078034548375,0.033786078033668676
0.029526543458344313,0.029526504266728287,0.029544902677792168,0.029526504260775546,0.7342418835736936,0.02952650429570841,0.02952764508341436,0.029526503889796094,0.029526504248158385,0.029526504245588874
0.01844124096797659,0.018432115889231274,0.018434190625784212,0.018431685552995285,0.8341004099223917,0.018431685572480417,0.01843184315112411,0.018433345949382743,0.018431685545908454,0.01843179682272522
0.02104220653630784,0.021037355513304965,0.021037326957337992,0.021037328050982344,0.8106382261592333,0.0210373281647971,0.021037328177309148,0.021058244429520468,0.021037328009752575,0.02103732800145443
0.02178070213544789,0.021778552827488914,0.021778250048399398,0.02177814465747658,0.8039553020897754,0.021778168379690137,0.02178837076400348,0.02180621987842344,0.021778144614074475,0.021778144605220214
0.020847865305485744,0.02084674668084769,0.020846867139346175,0.02084674665163506,0.8123737529349476,0.020846746822351735,0.020846832278164747,0.020850949019925083,0.020846746589941945,0.02084674657735432
0.6500785563699429,0.023656951228308926,0.023657382235921044,0.02365695121927025,0.1606628104100322,0.023659537540484492,0.023656951278811993,0.023656957321789608,0.02365695119970166,0.023656951195736905
0.021995768131516227,0.021994483813341098,0.021993866980387092,0.021993867246803262,0.8020524205379146,0.021993890927225784,0.021993867277379845,0.021994100613932893,0.021993867236581467,0.021993867234917808
0.029093471988952842,0.029093472252195055,0.02909347213909566,0.029093949559635752,0.7381482742996581,0.029103470878923187,0.029093472263064534,0.029093472127251965,0.029093472246038123,0.029093472245184816
0.03173436799358746,0.03173500892580126,0.03173436900360911,0.031734369750941335,0.7143900362963416,0.03173436982879359,0.0317343698373268,0.03173436892369958,0.03173436972281385,0.0317343697170856
0.34023678181703026,0.02465949279859084,0.024659541186682503,0.024659492783075915,0.46248304616169095,0.024659492874000634,0.024659492883988544,0.024663674001196796,0.024659492750218774,0.024659492743524747
0.0252270151787942,0.025227015552000402,0.025227015390681645,0.025227015549168105,0.7729568607370563,0.025227015565808034,0.025227015567610526,0.025227015373753672,0.02522701554317995,0.02522701554194716
0.019166309608109985,0.01915372080468795,0.019153661210482214,0.0191535053636935,0.8276037819315127,0.01915350550152922,0.0191535718438581,0.019154933118450714,0.019153505313882886,0.019153505303792832
0.02268627505469663,0.022683422224386598,0.022683614803245912,0.02268342221580009,0.7958281308556591,0.02268342226594376,0.022683557336576187,0.02270131085224679,0.022683422197571464,0.022683422193873325
0.019277229307169078,0.019276244830834708,0.019276243757684462,0.019276244812844793,0.82651100792779,0.019278012588233275,0.019276280002211817,0.01927624723648884,0.019276244772404152,0.019276244764338854
0.022106801754627033,0.02207458085194928,0.022096135087434833,0.022074541675909713,0.801267967061276,0.022077749821270157,0.022074541720250803,0.022078598707362257,0.022074541661433862,0.022074541658486147
0.034647874256084475,0.03459262789162305,0.03462486786576856,0.03459262788746928,0.6885784166214665,0.03459262791347878,0.0345926279163727,0.0345930738944994,0.03459262787759037,0.03459262787564677
0.018296743392659735,0.6042547858587004,0.01829655863583851,0.01829627714283224,0.24934433141229254,0.018296263379509917,0.018296470688130433,0.01832594110333454,0.018296263240295287,0.01829636514640626
0.2570039637631619,0.020870278674853603,0.020866754147266443,0.020864754252580504,0.576070305192556,0.020864754280177773,0.02086475956295564,0.02086477559990684,0.020864754242519254,0.02086490028402214
0.018724356470444053,0.018723973226261553,0.01872397175740835,0.018723999792492736,0.5454348718367112,0.018723973350903016,0.01872397336741677,0.018724079527827883,0.01872397314633977,0.30477282752419466
0.014870264378389387,0.014868933886655923,0.014868932485360337,0.014868933862268412,0.8661774911818992,0.014868934005584053,0.014868937256585486,0.014869037261937787,0.01486954494319702,0.014868990738122442
0.621068916539056,0.019413007288095096,0.019413453551078916,0.01941300728091953,0.22362639645089386,0.01941300732319774,0.019413007331946303,0.019413189706751724,0.01941300726558301,0.019413007262477643
0.02620589545594529,0.026199355169163937,0.02620653861939718,0.026199355165454297,0.764191619247335,0.02619935518772386,0.02619935519018218,0.026199497617435456,0.026199355157254987,0.02619967319010767
0.0279514841109,0.02795147982986321,0.027951479523969914,0.027951851583481943,0.7484363061207338,0.027951479855822782,0.027951479859261368,0.02795147949185315,0.027951479813210858,0.027951479810902954
0.8269621464958335,0.019226351793797822,0.019226836013918645,0.019226351787267115,0.0192265105183686,0.019226351825628568,0.019226392235096104,0.019226355786161935,0.019226351773379172,0.019226351770548444
0.02968481433992246,0.029658706927613566,0.7330407708050065,0.029658706923063587,0.02966345206445952,0.02965870694978222,0.029658706955156412,0.029658721210181826,0.02965870691339242,0.029658706911421504
0.029934289515885403,0.02992167754957918,0.029937363798047883,0.02992167754628622,0.7306763651173731,0.029921677566476977,0.029921677568714295,0.029921916261673273,0.02992167753873306,0.029921677537230518
0.6593160483470116,0.03785327683204291,0.03785749299181786,0.03785327683108597,0.03785347185260164,0.0378532768368772,0.037853276837517456,0.037853325813594345,0.037853276828940435,0.037853276828510585
0.014772582891421249,0.014772459827146868,0.01477156884673215,0.014771573379258687,0.8670531105053335,0.014771577926087317,0.0147715812080441,0.014772147396368347,0.014771573208620834,0.014771824810986944
0.7332639236570072,0.029637075820820515,0.02963711612518871,0.029637075819687997,0.029637579605539838,0.029637075826326797,0.02963707582705405,0.029638925684276795,0.02963707581728958,0.029637075816808415
0.028251269468796057,0.02824605235863183,0.7457711767042975,0.02824605235816514,0.0282484794885431,0.028246052360863447,0.02824674766001472,0.028252064886532455,0.02824605235717763,0.028246052356978
0.027567495848071357,0.027561905870355282,0.027561905482077518,0.02756190586357732,0.7519336735318225,0.02756190590333659,0.027561905907677514,0.027561936896217498,0.027565407369862106,0.027561957327002288
0.27713085471780874,0.01816114469212601,0.01815949430094358,0.01815927923619836,0.5775909131373138,0.018159279418844047,0.018159341948072127,0.018160759827526296,0.01815927916975773,0.018159653551409163
0.0278417694572873,0.027839858852182493,0.027839858458891847,0.02783985884531708,0.7494392745482661,0.02783985888559044,0.02783985888998665,0.027839891029534228,0.02783985883077188,0.02783991220217202
0.032488649012572875,0.03248766554842031,0.7076098173630733,0.032487665544533376,0.03248785694851311,0.0324876655673796,0.032487665569890925,0.032487683374786226,0.03248766553625789,0.03248766553457231
0.7403392630194388,0.028850454388332024,0.028853927670325373,0.028850669725799975,0.028850886349506735,0.02885045440959183,0.02885045441240787,0.028852981277105134,0.028850454374691276,0.028850454372801045
0.02946378375713027,0.029462903315803486,0.7348314236532051,0.029462903315595135,0.029463747451746614,0.029462903316875313,0.02946290331701725,0.029463202612922453,0.02946290331511548,0.02946332594458886
0.021183913234496705,0.02117596120593256,0.021190252273416747,0.021175961190883393,0.8093940435210968,0.021175961279100406,0.021175986263261153,0.021175976428234447,0.021175961159012626,0.021175983444565172
0.02032213328348156,0.020274906435102845,0.02028117511105944,0.02027490641735093,0.5759955394360622,0.020274906521519264,0.26175041122739867,0.020276208816259342,0.02027490637970808,0.0202749063720578
0.6225027719526839,0.026894815309528496,0.026897847262745224,0.026894815269415798,0.1623356614315262,0.026894815504459834,0.026894815530284357,0.026894827387766686,0.026894815184460533,0.026894815167128952
0.028033786314214583,0.028033787135553732,0.028033786782720532,0.028033787129392893,0.7476940865089813,0.028033787165506738,0.028033787169463826,0.02803555025450951,0.028033854425962054,0.02803378711369494
0.01909282720229218,0.019090563116417197,0.01909055356024154,0.019090426963073337,0.8281814707354439,0.019090427008526874,0.01909042701350066,0.0190915286411414,0.019090426946680783,0.01909134881268227
0.01433435715122901,0.014325124871891023,0.014325827854748806,0.014325155936651911,0.8710625944148156,0.01432536916527882,0.014325124882543115,0.01432607930228878,0.014325124865833209,0.014325241554719719
0.023722015974708424,0.023721678942078106,0.0237216788741079,0.023721678941631488,0.7865033874704364,0.02372167894784784,0.023721678948613257,0.023722785733038338,0.023721678938377316,0.0237217372291611
0.6256358066675151,0.027953509799385448,0.027960091054281613,0.02795350979342943,0.15072736441806275,0.027953509828220376,0.027953509832033378,0.027955679047956053,0.027953509780840803,0.027953509778275192
0.024589957325128253,0.024581030224623514,0.02461151240727305,0.024581030213147736,0.7787306633643193,0.02458103028080147,0.02458104710366773,0.024581203519890103,0.02458103018859218,0.02458149537255663
0.020296704020152753,0.02029434608443354,0.02029640996541237,0.020293616019222763,0.8173419356507724,0.020293616128022076,0.020300304159722334,0.020295375611375167,0.020293615979805144,0.02029407638108136
0.02488172041398687,0.02488140514668983,0.024881404672270343,0.02488140513840631,0.7760669575934953,0.02488140518696685,0.024881405192287598,0.024881435644317114,0.024881405120862624,0.024881455890717077
0.018427268664390966,0.01842523767201738,0.01842522848623151,0.018425115408056688,0.8341696695995108,0.01842511551078903,0.018425115522057854,0.018426190694684055,0.01842511537096245,0.018425943071299196
0.021136381785490828,0.021126700017254283,0.021126699456180665,0.021126700007457686,0.8098499270340996,0.021126700064878094,0.021126700071178384,0.021126763323159662,0.021126699986710115,0.021126728253590504
0.02657334787940295,0.02657121961006292,0.760856624002382,0.02657121960988031,0.026571480553555894,0.02657121961095279,0.026571219611066916,0.026571229903809338,0.02657121960948314,0.02657121960940377
0.024681132948769325,0.024678092233158724,0.3903156838642935,0.024678092229712994,0.4122562460670145,0.024678092249994107,0.02467810190584528,0.024678107016623405,0.024678092222379322,0.024678359262208748
0.7706880262117652,0.025477713609358906,0.025479736854393545,0.025477461186206297,0.025489223029067837,0.02547746119441516,0.025477467308216425,0.025477503449920717,0.025477776884886224,0.025477630271769552
0.024652480715776304,0.024652450193193946,0.024652165509527407,0.024652165755515515,0.7781298178262341,0.02465216578175097,0.024652165783949527,0.024652200170389344,0.024652165746257063,0.024652222517405686
0.014031059892200898,0.014030860318320473,0.014030898126145566,0.01403088106033618,0.8737182348455979,0.01403096097432025,0.014034263564877181,0.014031117011905264,0.01403086028479675,0.014030863921499478
0.7490504557840515,0.027882796133873164,0.02788295929471606,0.02788279613355651,0.027885117142058068,0.027882796135419174,0.02788279613562518,0.027882967674954715,0.027884329724707432,0.027882985841038176
0.028105122136772,0.02810476456033288,0.0281047645295724,0.02810476455979694,0.7470531164980607,0.028104764562943318,0.028104764563289125,0.028108266975182247,0.028104907055624104,0.028104764558426257
0.023324670163128166,0.02332397573224211,0.023323974837376502,0.02332397571666562,0.7900834805334779,0.023323975808193183,0.02332397581824557,0.023323991919222537,0.023323975683526774,0.023324003787921647
0.022888454091793665,0.022888454498196657,0.022888454323606477,0.02288845449514865,0.793998982145874,0.02288845451301318,0.022888454514975936,0.022893382441324363,0.022888454488692162,0.022888454487374907
